2.905218749999999850e-01
8.715656249999998995e-01
1.452609374999999980e+00
2.033653124999999839e+00
2.614696874999999920e+00
3.195740625000000001e+00
3.776784374999999638e+00
4.357828124999999275e+00
4.938871874999999356e+00
5.519915624999999437e+00
6.100959374999999518e+00
6.682003124999999599e+00
7.263046874999998792e+00
7.844090624999998873e+00
8.425134374999998954e+00
9.006178124999999923e+00
9.587221874999999116e+00
1.016826562499999831e+01
1.074930937499999928e+01
1.133035312499999847e+01
1.191139687499999944e+01
1.249244062499999863e+01
1.307348437499999960e+01
1.365452812499999879e+01
1.423557187499999799e+01
1.481661562499999896e+01
1.539765937499999815e+01
1.597870312499999912e+01
1.655974687499999831e+01
1.714079062499999750e+01
1.772183437500000025e+01
1.830287812499999944e+01
1.888392187499999864e+01
1.946496562499999783e+01
2.004600937499999702e+01
2.062705312499999977e+01
2.120809687499999896e+01
2.178914062499999815e+01
2.237018437499999735e+01
2.295122812500000009e+01
2.353227187499999928e+01
2.411331562499999848e+01
2.469435937499999767e+01
2.527540312499999686e+01
2.585644687499999961e+01
2.643749062499999880e+01
2.701853437499999799e+01
2.759957812499999719e+01
2.818062187499999638e+01
2.876166562499999912e+01
2.934270937499999832e+01
2.992375312499999751e+01
3.050479687499999670e+01
3.108584062499999945e+01
3.166688437499999864e+01
3.224792812500000139e+01
3.282897187500000058e+01
3.341001562499999977e+01
3.399105937499999897e+01
3.457210312499999816e+01
3.515314687500000446e+01
3.573419062500000365e+01
3.631523437500000284e+01
3.689627812500000203e+01
3.747732187500000123e+01
3.805836562500000042e+01
3.863940937499999961e+01
3.922045312499999881e+01
3.980149687499999800e+01
4.038254062500000430e+01
4.096358437500000349e+01
4.154462812500000268e+01
4.212567187500000188e+01
4.270671562500000107e+01
4.328775937500000026e+01
4.386880312499999945e+01
4.444984687499999865e+01
4.503089062499999784e+01
4.561193437500000414e+01
4.619297812500000333e+01
4.677402187500000252e+01
4.735506562500000172e+01
4.793610937500000091e+01
4.851715312500000010e+01
4.909819687499999930e+01
4.967924062499999849e+01
5.026028437499999768e+01
5.084132812500000398e+01
5.142237187500000317e+01
5.200341562500000236e+01
5.258445937500000156e+01
5.316550312500000075e+01
5.374654687499999994e+01
5.432759062499999914e+01
5.490863437499999833e+01
5.548967812499999752e+01
5.607072187499999671e+01
5.665176562500000301e+01
5.723280937500000221e+01
5.781385312500000140e+01
5.839489687500000059e+01
5.897594062499999978e+01
5.955698437499999898e+01
6.013802812499999817e+01
6.071907187499999736e+01
6.130011562499999656e+01
6.188115937500000285e+01
6.246220312500000205e+01
6.304324687500000124e+01
6.362429062500000043e+01
6.420533437499999252e+01
6.478637812499999882e+01
6.536742187499999091e+01
6.594846562499999720e+01
6.652950937499998929e+01
6.711055312499999559e+01
6.769159687499998768e+01
6.827264062499999397e+01
6.885368437499998606e+01
6.943472812499999236e+01
7.001577187499999866e+01
7.059681562499999075e+01
7.117785937499999704e+01
7.175890312499998913e+01
7.233994687499999543e+01
7.292099062499998752e+01
7.350203437499999382e+01
7.408307812499998590e+01
7.466412187499999220e+01
7.524516562499999850e+01
7.582620937499999059e+01
7.640725312499999688e+01
7.698829687499998897e+01
7.756934062499999527e+01
7.815038437499998736e+01
7.873142812499999366e+01
7.931247187499998574e+01
7.989351562499999204e+01
8.047455937499999834e+01
8.105560312499999043e+01
8.163664687499999673e+01
8.221769062499998881e+01
8.279873437499999511e+01
8.337977812499998720e+01
8.396082187499999350e+01
8.454186562499998558e+01
8.512290937499999188e+01
8.570395312499999818e+01
8.628499687499999027e+01
8.686604062499999657e+01
8.744708437499998865e+01
8.802812812499999495e+01
8.860917187499998704e+01
8.919021562499999334e+01
8.977125937499998543e+01
9.035230312499999172e+01
9.093334687499999802e+01
9.151439062499999011e+01
9.209543437499999641e+01
9.267647812499998849e+01
9.325752187499999479e+01
9.383856562499998688e+01
9.441960937499999318e+01
9.500065312499998527e+01
9.558169687499999156e+01
9.616274062499999786e+01
9.674378437499998995e+01
9.732482812499999625e+01
9.790587187499998834e+01
9.848691562499999463e+01
9.906795937499998672e+01
9.964900312499999302e+01
1.002300468749999851e+02
1.008110906249999914e+02
1.013921343749999977e+02
1.019731781249999898e+02
1.025542218749999961e+02
1.031352656249999882e+02
1.037163093749999945e+02
1.042973531249999866e+02
1.048783968749999929e+02
1.054594406249999849e+02
1.060404843749999912e+02
1.066215281249999975e+02
1.072025718749999896e+02
1.077836156249999959e+02
1.083646593749999880e+02
1.089457031249999943e+02
1.095267468749999864e+02
1.101077906249999927e+02
1.106888343749999848e+02
1.112698781249999911e+02
1.118509218749999832e+02
1.124319656249999895e+02
1.130130093749999958e+02
1.135940531249999879e+02
1.141750968749999942e+02
1.147561406249999862e+02
1.153371843749999925e+02
1.159182281249999846e+02
1.164992718749999909e+02
1.170803156249999830e+02
1.176613593749999893e+02
1.182424031249999956e+02
1.188234468749999877e+02
1.194044906249999940e+02
1.199855343749999861e+02
1.205665781249999924e+02
1.211476218749999845e+02
1.217286656249999908e+02
1.223097093749999829e+02
1.228907531249999892e+02
1.234717968749999955e+02
1.240528406249999875e+02
1.246338843749999938e+02
1.252149281249999859e+02
1.257959718749999922e+02
1.263770156249999843e+02
1.269580593749999906e+02
1.275391031249999827e+02
1.281201468749999890e+02
1.287011906249999811e+02
1.292822343750000016e+02
1.298632781249999937e+02
1.304443218749999858e+02
1.310253656249999779e+02
1.316064093749999984e+02
1.321874531249999905e+02
1.327684968749999825e+02
1.333495406250000030e+02
1.339305843749999951e+02
1.345116281249999872e+02
1.350926718749999793e+02
1.356737156249999998e+02
1.362547593749999919e+02
1.368358031249999840e+02
1.374168468749999761e+02
1.379978906249999966e+02
1.385789343749999887e+02
1.391599781249999808e+02
1.397410218750000013e+02
1.403220656249999934e+02
1.409031093749999854e+02
1.414841531249999775e+02
1.420651968749999980e+02
1.426462406249999901e+02
1.432272843749999822e+02
1.438083281250000027e+02
1.443893718749999948e+02
1.449704156249999869e+02
1.455514593749999790e+02
1.461325031249999995e+02
1.467135468749999916e+02
1.472945906249999837e+02
1.478756343749999758e+02
1.484566781249999963e+02
1.490377218749999884e+02
1.496187656249999804e+02
1.501998093750000010e+02
1.507808531249999930e+02
1.513618968749999851e+02
1.519429406249999772e+02
1.525239843749999977e+02
1.531050281249999898e+02
1.536860718749999819e+02
1.542671156249999740e+02
1.548481593749999945e+02
1.554292031249999866e+02
1.560102468749999787e+02
1.565912906249999992e+02
1.571723343749999913e+02
1.577533781249999834e+02
1.583344218749999754e+02
1.589154656249999960e+02
1.594965093749999880e+02
1.600775531249999801e+02
1.606585968750000006e+02
1.612396406249999927e+02
1.618206843749999848e+02
1.624017281249999769e+02
1.629827718749999974e+02
1.635638156249999895e+02
1.641448593749999816e+02
1.647259031249999737e+02
1.653069468749999942e+02
1.658879906249999863e+02
1.664690343749999784e+02
1.670500781249999989e+02
1.676311218749999910e+02
1.682121656249999830e+02
1.687932093749999751e+02
1.693742531249999956e+02
1.699552968749999877e+02
1.705363406249999798e+02
1.711173843750000003e+02
1.716984281249999924e+02
1.722794718749999845e+02
1.728605156249999766e+02
1.734415593749999971e+02
1.740226031249999892e+02
1.746036468749999813e+02
1.751846906249999734e+02
1.757657343749999939e+02
1.763467781249999859e+02
1.769278218749999780e+02
1.775088656249999985e+02
1.780899093749999906e+02
1.786709531249999827e+02
1.792519968749999748e+02
1.798330406249999953e+02
1.804140843749999874e+02
1.809951281249999795e+02
1.815761718750000000e+02
1.821572156249999921e+02
1.827382593749999842e+02
1.833193031249999763e+02
1.839003468749999968e+02
1.844813906249999889e+02
1.850624343749999809e+02
1.856434781249999730e+02
1.862245218749999935e+02
1.868055656249999856e+02
1.873866093749999777e+02
1.879676531249999982e+02
1.885486968749999903e+02
1.891297406249999824e+02
1.897107843749999745e+02
1.902918281249999950e+02
1.908728718749999871e+02
1.914539156249999792e+02
1.920349593749999997e+02
1.926160031249999918e+02
1.931970468749999839e+02
1.937780906249999759e+02
1.943591343749999965e+02
1.949401781249999885e+02
1.955212218749999806e+02
1.961022656249999727e+02
1.966833093749999932e+02
1.972643531249999853e+02
1.978453968749999774e+02
1.984264406249999979e+02
1.990074843749999900e+02
1.995885281249999821e+02
2.001695718749999742e+02
2.007506156249999947e+02
2.013316593749999868e+02
2.019127031249999789e+02
2.024937468749999994e+02
2.030747906249999915e+02
2.036558343749999835e+02
2.042368781249999756e+02
2.048179218749999961e+02
2.053989656249999882e+02
2.059800093749999803e+02
2.065610531249999724e+02
2.071420968749999929e+02
2.077231406249999850e+02
2.083041843749999771e+02
2.088852281249999976e+02
2.094662718749999897e+02
2.100473156249999818e+02
2.106283593749999739e+02
2.112094031249999944e+02
2.117904468749999864e+02
2.123714906249999785e+02
2.129525343749999990e+02
2.135335781249999911e+02
2.141146218749999832e+02
2.146956656249999753e+02
2.152767093749999958e+02
2.158577531249999879e+02
2.164387968749999800e+02
2.170198406249999721e+02
2.176008843749999926e+02
2.181819281249999847e+02
2.187629718749999768e+02
2.193440156249999973e+02
2.199250593749999894e+02
2.205061031249999814e+02
2.210871468749999735e+02
2.216681906249999940e+02
2.222492343749999861e+02
2.228302781249999782e+02
2.234113218749999703e+02
2.239923656249999908e+02
2.245734093749999829e+02
2.251544531249999750e+02
2.257354968749999955e+02
2.263165406249999876e+02
2.268975843749999797e+02
2.274786281249999718e+02
2.280596718749999923e+02
2.286407156249999844e+02
2.292217593749999764e+02
2.298028031249999970e+02
2.303838468749999890e+02
2.309648906249999811e+02
2.315459343749999732e+02
2.321269781249999937e+02
