2.905446250000000008e-01
8.716338750000000024e-01
1.452723124999999893e+00
2.033812375000000117e+00
2.614901624999999896e+00
3.195990874999999676e+00
3.777080124999999899e+00
4.358169375000000123e+00
4.939258624999999903e+00
5.520347874999999682e+00
6.101437124999999462e+00
6.682526375000000129e+00
7.263615624999999909e+00
7.844704874999999689e+00
8.425794125000001245e+00
9.006883375000001024e+00
9.587972625000000804e+00
1.016906187500000058e+01
1.075015112500000036e+01
1.133124037500000014e+01
1.191232962499999992e+01
1.249341887500000148e+01
1.307450812500000126e+01
1.365559737500000104e+01
1.423668662500000082e+01
1.481777587500000060e+01
1.539886512500000038e+01
1.597995437500000016e+01
1.656104362499999993e+01
1.714213287499999794e+01
1.772322212499999949e+01
1.830431137499999750e+01
1.888540062499999905e+01
1.946648987500000061e+01
2.004757912499999861e+01
2.062866837500000017e+01
2.120975762499999817e+01
2.179084687499999973e+01
2.237193612499999773e+01
2.295302537499999929e+01
2.353411462499999729e+01
2.411520387499999885e+01
2.469629312500000040e+01
2.527738237499999840e+01
2.585847162499999996e+01
2.643956087499999796e+01
2.702065012499999952e+01
2.760173937499999752e+01
2.818282862499999908e+01
2.876391787500000063e+01
2.934500712499999864e+01
2.992609637500000019e+01
3.050718562499999820e+01
3.108827487499999975e+01
3.166936412499999776e+01
3.225045337499999931e+01
3.283154262500000442e+01
3.341263187500000242e+01
3.399372112500000043e+01
3.457481037500000554e+01
3.515589962500000354e+01
3.573698887500000154e+01
3.631807812499999955e+01
3.689916737500000465e+01
3.748025662500000266e+01
3.806134587500000066e+01
3.864243512500000577e+01
3.922352437500000377e+01
3.980461362500000178e+01
4.038570287499999978e+01
4.096679212500000489e+01
4.154788137500000289e+01
4.212897062500000089e+01
4.271005987500000600e+01
4.329114912500000401e+01
4.387223837500000201e+01
4.445332762500000001e+01
4.503441687500000512e+01
4.561550612500000312e+01
4.619659537500000113e+01
4.677768462499999913e+01
4.735877387500000424e+01
4.793986312500000224e+01
4.852095237500000025e+01
4.910204162500000535e+01
4.968313087500000336e+01
5.026422012500000136e+01
5.084530937499999936e+01
5.142639862500000447e+01
5.200748787500000248e+01
5.258857712500000048e+01
5.316966637500000559e+01
5.375075562500000359e+01
5.433184487500000159e+01
5.491293412499999960e+01
5.549402337500000471e+01
5.607511262500000271e+01
5.665620187500000071e+01
5.723729112500000582e+01
5.781838037500000382e+01
5.839946962500000183e+01
5.898055887499999983e+01
5.956164812500000494e+01
6.014273737500000294e+01
6.072382662500000094e+01
6.130491587500000605e+01
6.188600512500000406e+01
6.246709437500000206e+01
6.304818362500000006e+01
6.362927287500000517e+01
6.421036212500000318e+01
6.479145137499999407e+01
6.537254062499999918e+01
6.595362987499999008e+01
6.653471912499999519e+01
6.711580837500000030e+01
6.769689762499999119e+01
6.827798687499999630e+01
6.885907612500000141e+01
6.944016537499999231e+01
7.002125462499999742e+01
7.060234387500000253e+01
7.118343312499999342e+01
7.176452237499999853e+01
7.234561162499998943e+01
7.292670087499999454e+01
7.350779012499999965e+01
7.408887937499999055e+01
7.466996862499999565e+01
7.525105787500000076e+01
7.583214712499999166e+01
7.641323637499999677e+01
7.699432562500000188e+01
7.757541487499999278e+01
7.815650412499999788e+01
7.873759337499998878e+01
7.931868262499999389e+01
7.989977187499999900e+01
8.048086112499998990e+01
8.106195037499999501e+01
8.164303962500000011e+01
8.222412887499999101e+01
8.280521812499999612e+01
8.338630737500000123e+01
8.396739662499999213e+01
8.454848587499999724e+01
8.512957512500000234e+01
8.571066437499999324e+01
8.629175362499999835e+01
8.687284287499998925e+01
8.745393212499999436e+01
8.803502137499999947e+01
8.861611062499999036e+01
8.919719987499999547e+01
8.977828912500000058e+01
9.035937837499999148e+01
9.094046762499999659e+01
9.152155687500000170e+01
9.210264612499999259e+01
9.268373537499999770e+01
9.326482462499998860e+01
9.384591387499999371e+01
9.442700312499999882e+01
9.500809237499998972e+01
9.558918162499999482e+01
9.617027087499999993e+01
9.675136012499999083e+01
9.733244937499999594e+01
9.791353862500000105e+01
9.849462787499999195e+01
9.907571712499999705e+01
9.965680637500000216e+01
1.002378956249999931e+02
1.008189848749999982e+02
1.014000741249999891e+02
1.019811633749999942e+02
1.025622526249999993e+02
1.031433418749999902e+02
1.037244311249999953e+02
1.043055203750000004e+02
1.048866096249999913e+02
1.054676988749999964e+02
1.060487881250000015e+02
1.066298773749999924e+02
1.072109666249999975e+02
1.077920558750000026e+02
1.083731451249999935e+02
1.089542343749999986e+02
1.095353236249999895e+02
1.101164128749999946e+02
1.106975021249999998e+02
1.112785913749999906e+02
1.118596806249999958e+02
1.124407698750000009e+02
1.130218591249999918e+02
1.136029483749999969e+02
1.141840376250000020e+02
1.147651268749999929e+02
1.153462161249999980e+02
1.159273053749999889e+02
1.165083946249999940e+02
1.170894838749999991e+02
1.176705731249999900e+02
1.182516623749999951e+02
1.188327516250000002e+02
1.194138408749999911e+02
1.199949301249999962e+02
1.205760193750000013e+02
1.211571086249999922e+02
1.217381978749999973e+02
1.223192871250000024e+02
1.229003763749999933e+02
1.234814656249999985e+02
1.240625548749999894e+02
1.246436441249999945e+02
1.252247333749999996e+02
1.258058226249999905e+02
1.263869118749999956e+02
1.269680011250000007e+02
1.275490903749999916e+02
1.281301796250000109e+02
1.287112688750000018e+02
1.292923581249999927e+02
1.298734473749999836e+02
1.304545366250000029e+02
1.310356258749999938e+02
1.316167151249999847e+02
1.321978043750000040e+02
1.327788936249999949e+02
1.333599828749999858e+02
1.339410721250000051e+02
1.345221613749999960e+02
1.351032506249999869e+02
1.356843398750000063e+02
1.362654291249999972e+02
1.368465183749999881e+02
1.374276076250000074e+02
1.380086968749999983e+02
1.385897861249999892e+02
1.391708753750000085e+02
1.397519646249999994e+02
1.403330538749999903e+02
1.409141431250000096e+02
1.414952323750000005e+02
1.420763216249999914e+02
1.426574108749999823e+02
1.432385001250000016e+02
1.438195893749999925e+02
1.444006786249999834e+02
1.449817678750000027e+02
1.455628571249999936e+02
1.461439463749999845e+02
1.467250356250000038e+02
1.473061248749999947e+02
1.478872141249999856e+02
1.484683033750000050e+02
1.490493926249999959e+02
1.496304818749999868e+02
1.502115711250000061e+02
1.507926603749999970e+02
1.513737496249999879e+02
1.519548388750000072e+02
1.525359281249999981e+02
1.531170173749999890e+02
1.536981066250000083e+02
1.542791958749999992e+02
1.548602851249999901e+02
1.554413743750000094e+02
1.560224636250000003e+02
1.566035528749999912e+02
1.571846421249999821e+02
1.577657313750000014e+02
1.583468206249999923e+02
1.589279098749999832e+02
1.595089991250000026e+02
1.600900883749999934e+02
1.606711776249999843e+02
1.612522668750000037e+02
1.618333561249999946e+02
1.624144453749999855e+02
1.629955346250000048e+02
1.635766238749999957e+02
1.641577131249999866e+02
1.647388023750000059e+02
1.653198916249999968e+02
1.659009808749999877e+02
1.664820701250000070e+02
1.670631593749999979e+02
1.676442486249999888e+02
1.682253378750000081e+02
1.688064271249999990e+02
1.693875163749999899e+02
1.699686056250000092e+02
1.705496948750000001e+02
1.711307841249999910e+02
1.717118733749999819e+02
1.722929626250000013e+02
1.728740518749999922e+02
1.734551411249999830e+02
1.740362303750000024e+02
1.746173196249999933e+02
1.751984088749999842e+02
1.757794981250000035e+02
1.763605873749999944e+02
1.769416766249999853e+02
1.775227658750000046e+02
1.781038551249999955e+02
1.786849443749999864e+02
1.792660336250000057e+02
1.798471228749999966e+02
1.804282121249999875e+02
1.810093013750000068e+02
1.815903906249999977e+02
1.821714798749999886e+02
1.827525691250000079e+02
1.833336583749999988e+02
1.839147476249999897e+02
1.844958368750000091e+02
1.850769261250000000e+02
1.856580153749999909e+02
1.862391046249999818e+02
1.868201938750000011e+02
1.874012831249999920e+02
1.879823723749999829e+02
1.885634616250000022e+02
1.891445508749999931e+02
1.897256401249999840e+02
1.903067293750000033e+02
1.908878186249999942e+02
1.914689078749999851e+02
1.920499971250000044e+02
1.926310863749999953e+02
1.932121756249999862e+02
1.937932648750000055e+02
1.943743541249999964e+02
1.949554433749999873e+02
1.955365326250000066e+02
1.961176218749999975e+02
1.966987111249999884e+02
1.972798003750000078e+02
1.978608896249999987e+02
1.984419788749999896e+02
1.990230681250000089e+02
1.996041573749999998e+02
2.001852466249999907e+02
2.007663358750000100e+02
2.013474251250000009e+02
2.019285143749999918e+02
2.025096036249999827e+02
2.030906928750000020e+02
2.036717821249999929e+02
2.042528713749999838e+02
2.048339606250000031e+02
2.054150498749999940e+02
2.059961391249999849e+02
2.065772283750000042e+02
2.071583176249999951e+02
2.077394068749999860e+02
2.083204961250000053e+02
2.089015853749999962e+02
2.094826746249999871e+02
2.100637638750000065e+02
2.106448531249999974e+02
2.112259423749999883e+02
2.118070316250000076e+02
2.123881208749999985e+02
2.129692101249999894e+02
2.135502993750000087e+02
2.141313886249999996e+02
2.147124778749999905e+02
2.152935671250000098e+02
2.158746563750000007e+02
2.164557456249999916e+02
2.170368348749999825e+02
2.176179241250000018e+02
2.181990133749999927e+02
2.187801026249999836e+02
2.193611918750000029e+02
2.199422811249999938e+02
2.205233703749999847e+02
2.211044596250000041e+02
2.216855488749999950e+02
2.222666381249999858e+02
2.228477273750000052e+02
2.234288166249999961e+02
2.240099058749999870e+02
2.245909951250000063e+02
2.251720843749999972e+02
2.257531736249999881e+02
2.263342628750000074e+02
2.269153521249999983e+02
2.274964413749999892e+02
2.280775306250000085e+02
2.286586198749999994e+02
2.292397091249999903e+02
2.298207983750000096e+02
2.304018876250000005e+02
2.309829768749999914e+02
2.315640661249999823e+02
2.321451553750000016e+02
