2.551666664999999723e-01
7.654999998344480527e-01
1.275833333168896022e+00
1.786166666503344214e+00
2.296499999837792405e+00
2.806833333172240597e+00
3.317166666506688344e+00
3.827499999841136535e+00
4.337833333175584727e+00
4.848166666510032918e+00
5.358499999844481110e+00
5.868833333178929301e+00
6.379166666513376605e+00
6.889499999847824796e+00
7.399833333182272987e+00
7.910166666516721179e+00
8.420499999851168482e+00
8.930833333185615786e+00
9.441166666520064865e+00
9.951499999854512168e+00
1.046183333318896125e+01
1.097216666652340855e+01
1.148249999985785763e+01
1.199283333319230493e+01
1.250316666652675224e+01
1.301349999986120132e+01
1.352383333319564862e+01
1.403416666653009770e+01
1.454449999986454500e+01
1.505483333319899408e+01
1.556516666653344139e+01
1.607549999986789047e+01
1.658583333320233777e+01
1.709616666653678507e+01
1.760649999987123238e+01
1.811683333320568323e+01
1.862716666654013054e+01
1.913749999987457784e+01
1.964783333320902514e+01
2.015816666654347600e+01
2.066849999987792330e+01
2.117883333321237060e+01
2.168916666654681791e+01
2.219949999988126521e+01
2.270983333321571607e+01
2.322016666655016337e+01
2.373049999988461067e+01
2.424083333321905798e+01
2.475116666655350528e+01
2.526149999988795614e+01
2.577183333322240344e+01
2.628216666655685074e+01
2.679249999989129805e+01
2.730283333322574890e+01
2.781316666656019621e+01
2.832349999989464351e+01
2.883383333322909081e+01
2.934416666656353812e+01
2.985449999989798897e+01
3.036483333323243627e+01
3.087516666656688358e+01
3.138549999990133088e+01
3.189583333323578174e+01
3.240616666657022904e+01
3.291649999990467990e+01
3.342683333323913075e+01
3.393716666657357450e+01
3.444749999990802536e+01
3.495783333324246911e+01
3.546816666657691997e+01
3.597849999991137082e+01
3.648883333324581457e+01
3.699916666658026543e+01
3.750949999991470918e+01
3.801983333324916003e+01
3.853016666658361089e+01
3.904049999991805464e+01
3.955083333325250550e+01
4.006116666658695635e+01
4.057149999992140010e+01
4.108183333325585096e+01
4.159216666659029471e+01
4.210249999992474557e+01
4.261283333325919642e+01
4.312316666659364017e+01
4.363349999992809103e+01
4.414383333326253478e+01
4.465416666659698564e+01
4.516449999993143649e+01
4.567483333326588024e+01
4.618516666660033110e+01
4.669549999993477485e+01
4.720583333326922570e+01
4.771616666660367656e+01
4.822649999993812031e+01
4.873683333327257117e+01
4.924716666660701492e+01
4.975749999994146577e+01
5.026783333327591663e+01
5.077816666661036038e+01
5.128849999994481124e+01
5.179883333327926209e+01
5.230916666661370584e+01
5.281949999994815670e+01
5.332983333328260045e+01
5.384016666661705131e+01
5.435049999995150216e+01
5.486083333328594591e+01
5.537116666662039677e+01
5.588149999995484052e+01
5.639183333328929137e+01
5.690216666662374223e+01
5.741249999995818598e+01
5.792283333329263684e+01
5.843316666662708059e+01
5.894349999996153144e+01
5.945383333329598230e+01
5.996416666663042605e+01
6.047449999996487691e+01
6.098483333329932776e+01
6.149516666663377151e+01
6.200549999996822237e+01
6.251583333330266612e+01
6.302616666663711698e+01
6.353649999997156783e+01
6.404683333330601158e+01
6.455716666664045533e+01
6.506749999997491329e+01
6.557783333330935704e+01
6.608816666664380080e+01
6.659849999997825876e+01
6.710883333331270251e+01
6.761916666664714626e+01
6.812949999998160422e+01
6.863983333331604797e+01
6.915016666665049172e+01
6.966049999998493547e+01
7.017083333331939343e+01
7.068116666665383718e+01
7.119149999998828093e+01
7.170183333332273889e+01
7.221216666665718265e+01
7.272249999999162640e+01
7.323283333332608436e+01
7.374316666666052811e+01
7.425349999999497186e+01
7.476383333332941561e+01
7.527416666666387357e+01
7.578449999999831732e+01
7.629483333333276107e+01
7.680516666666721903e+01
7.731550000000166278e+01
7.782583333333610653e+01
7.833616666667056450e+01
7.884650000000500825e+01
7.935683333333945200e+01
7.986716666667390996e+01
8.037750000000835371e+01
8.088783333334279746e+01
8.139816666667724121e+01
8.190850000001169917e+01
8.241883333334614292e+01
8.292916666668058667e+01
8.343950000001504463e+01
8.394983333334948838e+01
8.446016666668393214e+01
8.497050000001839010e+01
8.548083333335283385e+01
8.599116666668727760e+01
8.650150000002172135e+01
8.701183333335617931e+01
8.752216666669062306e+01
8.803250000002506681e+01
8.854283333335952477e+01
8.905316666669396852e+01
8.956350000002841227e+01
9.007383333336287023e+01
9.058416666669731399e+01
9.109450000003175774e+01
9.160483333336621570e+01
9.211516666670065945e+01
9.262550000003510320e+01
9.313583333336954695e+01
9.364616666670400491e+01
9.415650000003844866e+01
9.466683333337289241e+01
9.517716666670735037e+01
9.568750000004179412e+01
9.619783333337623787e+01
9.670816666671069584e+01
9.721850000004513959e+01
9.772883333337958334e+01
9.823916666671402709e+01
9.874950000004848505e+01
9.925983333338292880e+01
9.977016666671737255e+01
1.002805000000518305e+02
1.007908333333862743e+02
1.013011666667207180e+02
1.018115000000551760e+02
1.023218333333896197e+02
1.028321666667240635e+02
1.033425000000585214e+02
1.038528333333929652e+02
1.043631666667274089e+02
1.048735000000618527e+02
1.053838333333963106e+02
1.058941666667307544e+02
1.064045000000651982e+02
1.069148333333996561e+02
1.074251666667340999e+02
1.079355000000685436e+02
1.084458333334030016e+02
1.089561666667374453e+02
1.094665000000718891e+02
1.099768333334063470e+02
1.104871666667407908e+02
1.109975000000752345e+02
1.115078333334096783e+02
1.120181666667441363e+02
1.125285000000785800e+02
1.130388333334130238e+02
1.135491666667474817e+02
1.140595000000819255e+02
1.145698333334163692e+02
1.150801666667508272e+02
1.155905000000852709e+02
1.161008333334197147e+02
1.166111666667541584e+02
1.171215000000886164e+02
1.176318333334230601e+02
1.181421666667575039e+02
1.186525000000919619e+02
1.191628333334264056e+02
1.196731666667608494e+02
1.201835000000953073e+02
1.206938333334297511e+02
1.212041666667641948e+02
1.217145000000986528e+02
1.222248333334330965e+02
1.227351666667675403e+02
1.232455000001019840e+02
1.237558333334364420e+02
1.242661666667708857e+02
1.247765000001053295e+02
1.252868333334397875e+02
1.257971666667742312e+02
1.263075000001086750e+02
1.268178333334431329e+02
1.273281666667775767e+02
1.278385000001120204e+02
1.283488333334464642e+02
1.288591666667809079e+02
1.293695000001153801e+02
1.298798333334498238e+02
1.303901666667842676e+02
1.309005000001187113e+02
1.314108333334531551e+02
1.319211666667875988e+02
1.324315000001220426e+02
1.329418333334565148e+02
1.334521666667909585e+02
1.339625000001254023e+02
1.344728333334598460e+02
1.349831666667942898e+02
1.354935000001287335e+02
1.360038333334632057e+02
1.365141666667976494e+02
1.370245000001320932e+02
1.375348333334665369e+02
1.380451666668009807e+02
1.385555000001354244e+02
1.390658333334698682e+02
1.395761666668043404e+02
1.400865000001387841e+02
1.405968333334732279e+02
1.411071666668076716e+02
1.416175000001421154e+02
1.421278333334765591e+02
1.426381666668110313e+02
1.431485000001454750e+02
1.436588333334799188e+02
1.441691666668143625e+02
1.446795000001488063e+02
1.451898333334832500e+02
1.457001666668176938e+02
1.462105000001521660e+02
1.467208333334866097e+02
1.472311666668210535e+02
1.477415000001554972e+02
1.482518333334899410e+02
1.487621666668243847e+02
1.492725000001588285e+02
1.497828333334933006e+02
1.502931666668277444e+02
1.508035000001621881e+02
1.513138333334966319e+02
1.518241666668310756e+02
1.523345000001655194e+02
1.528448333334999916e+02
