3.873624999999999985e-01
1.162087499999999940e+00
1.936812500000000048e+00
2.711537499999999934e+00
3.486262500000000042e+00
4.260987499999999706e+00
5.035712499999999814e+00
5.810437499999999922e+00
6.585162500000000030e+00
7.359887500000000138e+00
8.134612499999999358e+00
8.909337499999999466e+00
9.684062499999999574e+00
1.045878749999999968e+01
1.123351249999999979e+01
1.200823749999999990e+01
1.278296250000000001e+01
1.355768750000000011e+01
1.433241250000000022e+01
1.510713750000000033e+01
1.588186250000000044e+01
1.665658749999999699e+01
1.743131249999999710e+01
1.820603749999999721e+01
1.898076249999999732e+01
1.975548749999999742e+01
2.053021249999999753e+01
2.130493749999999764e+01
2.207966249999999775e+01
2.285438749999999786e+01
2.362911249999999797e+01
2.440383749999999807e+01
2.517856249999999818e+01
2.595328749999999829e+01
2.672801249999999840e+01
2.750273749999999851e+01
2.827746249999999861e+01
2.905218749999999872e+01
2.982691249999999883e+01
3.060163749999999894e+01
3.137636249999999905e+01
3.215108750000000271e+01
3.292581249999999926e+01
3.370053750000000292e+01
3.447526249999999948e+01
3.524998750000000314e+01
3.602471249999999969e+01
3.679943750000000335e+01
3.757416249999999991e+01
3.834888750000000357e+01
3.912361250000000013e+01
3.989833750000000379e+01
4.067306250000000034e+01
4.144778750000000400e+01
4.222251250000000056e+01
4.299723750000000422e+01
4.377196250000000077e+01
4.454668750000000443e+01
4.532141250000000099e+01
4.609613750000000465e+01
4.687086250000000121e+01
4.764558750000000487e+01
4.842031250000000142e+01
4.919503750000000508e+01
4.996976250000000164e+01
5.074448749999999819e+01
5.151921250000000185e+01
5.229393749999999841e+01
5.306866250000000207e+01
5.384338749999999862e+01
5.461811250000000229e+01
5.539283749999999884e+01
5.616756250000000250e+01
5.694228749999999906e+01
5.771701250000000272e+01
5.849173749999999927e+01
5.926646250000000293e+01
6.004118749999999949e+01
6.081591250000000315e+01
6.159063749999999970e+01
6.236536250000000337e+01
6.314008749999999992e+01
6.391481250000000358e+01
6.468953750000000014e+01
6.546426249999998959e+01
6.623898749999999325e+01
6.701371249999999691e+01
6.778843750000000057e+01
6.856316249999999002e+01
6.933788749999999368e+01
7.011261249999999734e+01
7.088733750000000100e+01
7.166206249999999045e+01
7.243678749999999411e+01
7.321151249999999777e+01
7.398623750000000143e+01
7.476096249999999088e+01
7.553568749999999454e+01
7.631041249999999820e+01
7.708513749999998765e+01
7.785986249999999131e+01
7.863458749999999498e+01
7.940931249999999864e+01
8.018403749999998809e+01
8.095876249999999175e+01
8.173348749999999541e+01
8.250821249999999907e+01
8.328293749999998852e+01
8.405766249999999218e+01
8.483238749999999584e+01
8.560711249999999950e+01
8.638183749999998895e+01
8.715656249999999261e+01
8.793128749999999627e+01
8.870601249999999993e+01
8.948073749999998938e+01
9.025546249999999304e+01
9.103018749999999670e+01
9.180491250000000036e+01
9.257963749999998981e+01
9.335436249999999347e+01
9.412908749999999714e+01
9.490381250000000080e+01
9.567853749999999025e+01
9.645326249999999391e+01
9.722798749999999757e+01
9.800271250000000123e+01
9.877743749999999068e+01
9.955216249999999434e+01
1.003268874999999980e+02
1.011016124999999874e+02
1.018763374999999911e+02
1.026510624999999948e+02
1.034257874999999984e+02
1.042005124999999879e+02
1.049752374999999915e+02
1.057499624999999952e+02
1.065246874999999989e+02
1.072994124999999883e+02
1.080741374999999920e+02
1.088488624999999956e+02
1.096235874999999993e+02
1.103983124999999887e+02
1.111730374999999924e+02
1.119477624999999961e+02
1.127224874999999997e+02
1.134972124999999892e+02
1.142719374999999928e+02
1.150466624999999965e+02
1.158213875000000002e+02
1.165961124999999896e+02
1.173708374999999933e+02
1.181455624999999969e+02
1.189202875000000006e+02
1.196950124999999900e+02
1.204697374999999937e+02
1.212444624999999974e+02
1.220191875000000010e+02
1.227939124999999905e+02
1.235686374999999941e+02
1.243433624999999978e+02
1.251180874999999872e+02
1.258928124999999909e+02
1.266675374999999946e+02
1.274422624999999982e+02
1.282169874999999877e+02
1.289917125000000055e+02
1.297664374999999950e+02
1.305411624999999844e+02
1.313158875000000023e+02
1.320906124999999918e+02
1.328653374999999812e+02
1.336400624999999991e+02
1.344147874999999885e+02
1.351895125000000064e+02
1.359642374999999959e+02
1.367389624999999853e+02
1.375136875000000032e+02
1.382884124999999926e+02
1.390631374999999821e+02
1.398378625000000000e+02
1.406125874999999894e+02
1.413873125000000073e+02
1.421620374999999967e+02
1.429367624999999862e+02
1.437114875000000040e+02
1.444862124999999935e+02
1.452609374999999829e+02
1.460356625000000008e+02
1.468103874999999903e+02
1.475851125000000081e+02
1.483598374999999976e+02
1.491345624999999870e+02
1.499092875000000049e+02
1.506840124999999944e+02
1.514587374999999838e+02
1.522334625000000017e+02
1.530081874999999911e+02
1.537829124999999806e+02
1.545576374999999985e+02
1.553323624999999879e+02
1.561070875000000058e+02
1.568818124999999952e+02
1.576565374999999847e+02
1.584312625000000025e+02
1.592059874999999920e+02
1.599807124999999814e+02
1.607554374999999993e+02
1.615301624999999888e+02
1.623048875000000066e+02
1.630796124999999961e+02
1.638543374999999855e+02
1.646290625000000034e+02
1.654037874999999929e+02
1.661785124999999823e+02
1.669532375000000002e+02
1.677279624999999896e+02
1.685026875000000075e+02
1.692774124999999970e+02
1.700521374999999864e+02
1.708268625000000043e+02
1.716015874999999937e+02
1.723763124999999832e+02
1.731510375000000010e+02
1.739257624999999905e+02
1.747004874999999799e+02
1.754752124999999978e+02
1.762499374999999873e+02
1.770246625000000051e+02
1.777993874999999946e+02
1.785741124999999840e+02
1.793488375000000019e+02
1.801235624999999914e+02
1.808982874999999808e+02
1.816730124999999987e+02
1.824477374999999881e+02
1.832224625000000060e+02
1.839971874999999955e+02
1.847719124999999849e+02
1.855466375000000028e+02
1.863213624999999922e+02
1.870960874999999817e+02
1.878708124999999995e+02
1.886455374999999890e+02
1.894202625000000069e+02
1.901949874999999963e+02
1.909697124999999858e+02
1.917444375000000036e+02
1.925191624999999931e+02
1.932938874999999825e+02
1.940686125000000004e+02
1.948433374999999899e+02
1.956180625000000077e+02
1.963927874999999972e+02
1.971675124999999866e+02
1.979422375000000045e+02
1.987169624999999940e+02
1.994916874999999834e+02
2.002664125000000013e+02
2.010411374999999907e+02
2.018158624999999802e+02
2.025905874999999980e+02
2.033653124999999875e+02
2.041400375000000054e+02
2.049147624999999948e+02
2.056894874999999843e+02
2.064642125000000021e+02
2.072389374999999916e+02
2.080136624999999810e+02
2.087883874999999989e+02
2.095631124999999884e+02
2.103378375000000062e+02
2.111125624999999957e+02
2.118872874999999851e+02
2.126620125000000030e+02
2.134367374999999925e+02
2.142114624999999819e+02
2.149861874999999998e+02
2.157609124999999892e+02
2.165356375000000071e+02
2.173103624999999965e+02
2.180850874999999860e+02
2.188598125000000039e+02
2.196345374999999933e+02
2.204092624999999828e+02
2.211839875000000006e+02
2.219587124999999901e+02
2.227334375000000080e+02
2.235081624999999974e+02
2.242828874999999869e+02
2.250576125000000047e+02
2.258323374999999942e+02
2.266070624999999836e+02
2.273817875000000015e+02
2.281565124999999910e+02
2.289312374999999804e+02
2.297059624999999983e+02
2.304806874999999877e+02
2.312554125000000056e+02
2.320301374999999950e+02
