3.873928334999999779e-01
1.162178500165551798e+00
1.936964166831103729e+00
2.711749833496655437e+00
3.486535500162207146e+00
4.261321166827759299e+00
5.036106833493311008e+00
5.810892500158862717e+00
6.585678166824414426e+00
7.360463833489966134e+00
8.135249500155518732e+00
8.910035166821069552e+00
9.684820833486622149e+00
1.045960650015217297e+01
1.123439216681772557e+01
1.200917783348327639e+01
1.278396350014882898e+01
1.355874916681438158e+01
1.433353483347993240e+01
1.510832050014548500e+01
1.588310616681103582e+01
1.665789183347659019e+01
1.743267750014214101e+01
1.820746316680769183e+01
1.898224883347324621e+01
1.975703450013879703e+01
2.053182016680434785e+01
2.130660583346990222e+01
2.208139150013545304e+01
2.285617716680100386e+01
2.363096283346655468e+01
2.440574850013210906e+01
2.518053416679765988e+01
2.595531983346321070e+01
2.673010550012876507e+01
2.750489116679431589e+01
2.827967683345986671e+01
2.905446250012541753e+01
2.982924816679097191e+01
3.060403383345652273e+01
3.137881950012207355e+01
3.215360516678762792e+01
3.292839083345317874e+01
3.370317650011872956e+01
3.447796216678428038e+01
3.525274783344983121e+01
3.602753350011538203e+01
3.680231916678093995e+01
3.757710483344649077e+01
3.835189050011204159e+01
3.912667616677759241e+01
3.990146183344314323e+01
4.067624750010869406e+01
4.145103316677424488e+01
4.222581883343980280e+01
4.300060450010535362e+01
4.377539016677090444e+01
4.455017583343645526e+01
4.532496150010200608e+01
4.609974716676755691e+01
4.687453283343310773e+01
4.764931850009866565e+01
4.842410416676421647e+01
4.919888983342976729e+01
4.997367550009531811e+01
5.074846116676086893e+01
5.152324683342641976e+01
5.229803250009197058e+01
5.307281816675752850e+01
5.384760383342307932e+01
5.462238950008863014e+01
5.539717516675418096e+01
5.617196083341973178e+01
5.694674650008528261e+01
5.772153216675083343e+01
5.849631783341639135e+01
5.927110350008194217e+01
6.004588916674749299e+01
6.082067483341304381e+01
6.159546050007859463e+01
6.237024616674414546e+01
6.314503183340969628e+01
6.391981750007525420e+01
6.469460316674080502e+01
6.546938883340635584e+01
6.624417450007190666e+01
6.701896016673745748e+01
6.779374583340300831e+01
6.856853150006855913e+01
6.934331716673410995e+01
7.011810283339966077e+01
7.089288850006521159e+01
7.166767416673076241e+01
7.244245983339632744e+01
7.321724550006187826e+01
7.399203116672742908e+01
7.476681683339297990e+01
7.554160250005853072e+01
7.631638816672408154e+01
7.709117383338963236e+01
7.786595950005518318e+01
7.864074516672073401e+01
7.941553083338628483e+01
8.019031650005183565e+01
8.096510216671738647e+01
8.173988783338293729e+01
8.251467350004848811e+01
8.328945916671405314e+01
8.406424483337960396e+01
8.483903050004515478e+01
8.561381616671070560e+01
8.638860183337625642e+01
8.716338750004180724e+01
8.793817316670735806e+01
8.871295883337290888e+01
8.948774450003845971e+01
9.026253016670401053e+01
9.103731583336956135e+01
9.181210150003511217e+01
9.258688716670066299e+01
9.336167283336621381e+01
9.413645850003177884e+01
9.491124416669732966e+01
9.568602983336288048e+01
9.646081550002843130e+01
9.723560116669398212e+01
9.801038683335953294e+01
9.878517250002508376e+01
9.955995816669063458e+01
1.003347438333561854e+02
1.011095295000217362e+02
1.018843151666872870e+02
1.026591008333528379e+02
1.034338865000183887e+02
1.042086721666839395e+02
1.049834578333494903e+02
1.057582435000150554e+02
1.065330291666806062e+02
1.073078148333461570e+02
1.080826005000117078e+02
1.088573861666772586e+02
1.096321718333428095e+02
1.104069575000083603e+02
1.111817431666739111e+02
1.119565288333394619e+02
1.127313145000050127e+02
1.135061001666705636e+02
1.142808858333361144e+02
1.150556715000016652e+02
1.158304571666672160e+02
1.166052428333327811e+02
1.173800284999983319e+02
1.181548141666638827e+02
1.189295998333294335e+02
1.197043854999949843e+02
1.204791711666605352e+02
1.212539568333260860e+02
1.220287424999916368e+02
1.228035281666571876e+02
1.235783138333227384e+02
1.243530994999882893e+02
1.251278851666538401e+02
1.259026708333193909e+02
1.266774564999849417e+02
1.274522421666505068e+02
1.282270278333160434e+02
1.290018134999816084e+02
1.297765991666471450e+02
1.305513848333127100e+02
1.313261704999782467e+02
1.321009561666438117e+02
1.328757418333093767e+02
1.336505274999749133e+02
1.344253131666404784e+02
1.352000988333060150e+02
1.359748844999715800e+02
1.367496701666371166e+02
1.375244558333026816e+02
1.382992414999682182e+02
1.390740271666337833e+02
1.398488128332993199e+02
1.406235984999648849e+02
1.413983841666304215e+02
1.421731698332959866e+02
1.429479554999615232e+02
1.437227411666270882e+02
1.444975268332926532e+02
1.452723124999581898e+02
1.460470981666237549e+02
1.468218838332892915e+02
1.475966694999548565e+02
1.483714551666203931e+02
1.491462408332859582e+02
1.499210264999514948e+02
1.506958121666170598e+02
1.514705978332825964e+02
1.522453834999481614e+02
1.530201691666136981e+02
1.537949548332792631e+02
1.545697404999447997e+02
1.553445261666103647e+02
1.561193118332759298e+02
1.568940974999414664e+02
1.576688831666070314e+02
1.584436688332725680e+02
1.592184544999381330e+02
1.599932401666036696e+02
1.607680258332692347e+02
1.615428114999347713e+02
1.623175971666003363e+02
1.630923828332658729e+02
1.638671684999314380e+02
1.646419541665969746e+02
1.654167398332625396e+02
1.661915254999281046e+02
1.669663111665936412e+02
1.677410968332592063e+02
1.685158824999247429e+02
1.692906681665903079e+02
1.700654538332558445e+02
1.708402394999214096e+02
1.716150251665869462e+02
1.723898108332525112e+02
1.731645964999180478e+02
1.739393821665836128e+02
1.747141678332491495e+02
1.754889534999147145e+02
1.762637391665802511e+02
1.770385248332458161e+02
1.778133104999113812e+02
1.785880961665769178e+02
1.793628818332424828e+02
1.801376674999080194e+02
1.809124531665735844e+02
1.816872388332391210e+02
1.824620244999046861e+02
1.832368101665702227e+02
1.840115958332357877e+02
1.847863814999013243e+02
1.855611671665668894e+02
1.863359528332324260e+02
1.871107384998979910e+02
1.878855241665635560e+02
1.886603098332290926e+02
1.894350954998946577e+02
1.902098811665601943e+02
1.909846668332257593e+02
1.917594524998912959e+02
1.925342381665568610e+02
1.933090238332223976e+02
1.940838094998879626e+02
1.948585951665534992e+02
1.956333808332190642e+02
1.964081664998846009e+02
1.971829521665501659e+02
1.979577378332157025e+02
1.987325234998812675e+02
1.995073091665468326e+02
2.002820948332123692e+02
2.010568804998779342e+02
2.018316661665434708e+02
2.026064518332090358e+02
2.033812374998745724e+02
2.041560231665401375e+02
2.049308088332056741e+02
2.057055944998712391e+02
2.064803801665367757e+02
2.072551658332023408e+02
2.080299514998678774e+02
2.088047371665334424e+02
2.095795228331989790e+02
2.103543084998645440e+02
2.111290941665301091e+02
2.119038798331956457e+02
2.126786654998612107e+02
2.134534511665267473e+02
2.142282368331923124e+02
2.150030224998578490e+02
2.157778081665234140e+02
2.165525938331889506e+02
2.173273794998545156e+02
2.181021651665200523e+02
2.188769508331856173e+02
2.196517364998511539e+02
2.204265221665167189e+02
2.212013078331822840e+02
2.219760934998478206e+02
2.227508791665133856e+02
2.235256648331789222e+02
2.243004504998444872e+02
2.250752361665100238e+02
2.258500218331755889e+02
2.266248074998411255e+02
2.273995931665066905e+02
2.281743788331722271e+02
2.289491644998377922e+02
2.297239501665033288e+02
2.304987358331688938e+02
2.312735214998344304e+02
2.320483071664999954e+02
