0.7655,0.7655,1,200,200,1,40000,153.1,153.1,1,0,0,0,0,0,0,0,0,0,0,0,0,0,0,0,0,0,0,0,0,0,0,0,0,0,0,0,0,0,0,0,0,0,0,0,0,0,0,0,0,0,0,0,0,0,0,0,0,0,0,0,0,0,0,0,0,0,0,0,0,0,0,0,0,0,0,0,0,0,0,0,0,0,0,0,0,0,0,0,0,0,0,0,0,0,0,0,0,0,0,0,0,0,0,0,0,0,0,0,0,0,0,0,0,0,0,0,0,0,0,0,0,0,0,0,0,0,0,0,0,0,0,0,0,0,0,0,0,0,0,0,0,0,0,0,0,0,0,0,0,0,0,0,0,0,0,0,0,0,0,0,0,0,0,0,0,0,0,0,0,0,0,0,0,0,0,0,0,0,0,0,0,0,0,0,0,0,0,0,0,0,0,0,0,0,0,0,0,0,0
15,15,15,15,15,15,15,15,15,15,15,15,15,15,15,15,15,15,15,15,15,15,15,15,15,15,15,15,15,15,15,15,15,15,15,15,15,15,15,15,15,15,15,15,15,15,15,15,15,15,15,15,15,15,15,15,15,15,15,15,15,15,15,15,15,15,15,15,15,15,15,15,15,15,15,15,15,15,15,15,15,15,15,15,15,15,15,15,15,15,15,15,15,15,15,15,15,15,15,15,15,15,15,15,15,15,15,15,15,15,15,15,15,15,15,15,15,15,15,15,15,15,15,15,15,15,15,15,15,15,15,15,15,15,15,15,15,15,15,15,15,15,15,15,15,15,15,15,15,15,15,15,15,15,15,15,15,15,15,15,15,15,15,15,15,15,15,15,15,15,15,15,15,15,15,15,15,15,15,15,15,15,15,15,15,15,15,15,15,15,15,15,15,15,15,15,15,15,15,15
15,15,15,15,15,15,15,15,15,15,15,15,15,15,15,15,15,15,15,15,15,15,15,15,15,15,15,15,15,15,15,15,15,15,15,15,15,15,15,15,15,15,15,15,15,15,15,15,15,15,15,15,15,15,15,15,15,15,15,15,15,15,15,15,15,15,15,15,15,15,15,15,15,15,15,15,15,15,15,15,15,15,15,15,15,15,15,15,15,15,15,15,15,15,15,15,15,15,15,15,15,15,15,15,15,15,15,15,15,15,15,15,15,15,15,15,15,15,15,15,15,15,15,15,15,15,15,15,15,15,15,15,15,15,15,15,15,15,15,15,15,15,15,15,15,15,15,15,15,15,15,15,15,15,15,15,15,15,15,15,15,15,15,15,15,15,15,15,15,15,15,15,15,15,15,15,15,15,15,15,15,15,15,15,15,15,15,15,15,15,15,15,15,15,15,15,15,15,15,15
15,15,15,15,15,15,15,15,15,15,15,15,15,15,15,15,15,15,15,15,15,15,15,15,15,15,15,15,15,15,15,15,15,15,15,15,15,15,15,15,15,15,15,15,15,15,15,15,15,15,15,15,15,15,15,15,15,15,15,15,15,15,15,15,15,15,15,15,15,15,15,15,15,15,15,15,15,15,15,15,15,15,15,15,15,15,15,15,15,15,15,15,15,15,15,15,15,15,15,15,15,15,15,15,15,15,15,15,15,15,15,15,15,15,15,15,15,15,15,15,15,15,15,15,15,15,15,15,15,15,15,15,15,15,15,15,15,15,15,15,15,15,15,15,15,15,15,15,15,15,15,15,15,15,15,15,15,15,15,15,15,15,15,15,15,15,15,15,15,15,15,15,15,15,15,15,15,15,15,15,15,15,15,15,15,15,15,15,15,15,15,15,15,15,15,15,15,15,15,15
15,15,15,15,15,15,15,15,15,15,15,15,15,15,15,15,15,15,15,15,15,15,15,15,15,15,15,15,15,15,15,15,15,15,15,15,15,15,15,15,15,15,15,15,15,15,15,15,15,15,15,15,15,15,15,15,15,15,15,15,15,15,15,15,15,15,15,15,15,15,15,15,15,15,15,15,15,15,15,15,15,15,15,15,15,15,15,15,15,15,15,15,15,15,15,15,15,15,15,15,15,15,15,15,15,15,15,15,15,15,15,15,15,15,15,15,15,15,15,15,15,15,15,15,15,15,15,15,15,15,15,15,15,15,15,15,15,15,15,15,15,15,15,15,15,15,15,15,15,15,15,15,15,15,15,15,15,15,15,15,15,15,15,15,15,15,15,15,15,15,15,15,15,15,15,15,15,15,15,15,15,15,15,15,15,15,15,15,15,15,15,15,15,15,15,15,15,15,15,15
15,15,15,15,15,15,15,15,15,15,15,15,15,15,15,15,15,15,15,15,15,15,15,15,15,15,15,15,15,15,15,15,15,15,15,15,15,15,15,15,15,15,15,15,15,15,15,15,15,15,15,15,15,15,15,15,15,15,15,15,15,15,15,15,15,15,15,15,15,15,15,15,15,15,15,15,15,15,15,15,15,15,15,15,15,15,15,15,15,15,15,15,15,15,15,15,15,15,15,15,15,15,15,15,15,15,15,15,15,15,15,15,15,15,15,15,15,15,15,15,15,15,15,15,15,15,15,15,15,15,15,15,15,15,15,15,15,15,15,15,15,15,15,15,15,15,15,15,15,15,15,15,15,15,15,15,15,15,15,15,15,15,15,15,15,15,15,15,15,15,15,15,15,15,15,15,15,15,15,15,15,15,15,15,15,15,15,15,15,15,15,15,15,15,15,15,15,15,15,15
15,15,15,15,15,15,15,15,15,15,15,15,15,15,15,15,15,15,15,15,15,15,15,15,15,15,15,15,15,15,15,15,15,15,15,15,15,15,15,15,15,15,15,15,15,15,15,15,15,15,15,15,15,15,15,15,15,15,15,15,15,15,15,15,15,15,15,15,15,15,15,15,15,15,15,15,15,15,15,15,15,15,15,15,15,15,15,15,15,15,15,15,15,15,15,15,15,15,15,15,15,15,15,15,15,15,15,15,15,15,15,15,15,15,15,15,15,15,15,15,15,15,15,15,15,15,15,15,15,15,15,15,15,15,15,15,15,15,15,15,15,15,15,15,15,15,15,15,15,15,15,15,15,15,15,15,15,15,15,15,15,15,15,15,15,15,15,15,15,15,15,15,15,15,15,15,15,15,15,15,15,15,15,15,15,15,15,15,15,15,15,15,15,15,15,15,15,15,15,15
15,15,15,15,15,15,15,15,15,15,15,15,15,15,15,15,15,15,15,15,15,15,15,15,15,15,15,15,15,15,15,15,15,15,15,15,15,15,15,15,15,15,15,15,15,15,15,15,15,15,15,15,15,15,15,15,15,15,15,15,15,15,15,15,15,15,15,15,15,15,15,15,15,15,15,15,15,15,15,15,15,15,15,15,15,15,15,15,15,15,15,15,15,15,15,15,15,15,15,15,15,15,15,15,15,15,15,15,15,15,15,15,15,15,15,15,15,15,15,15,15,15,15,15,15,15,15,15,15,15,15,15,15,15,15,15,15,15,15,15,15,15,15,15,15,15,15,15,15,15,15,15,15,15,15,15,15,15,15,15,15,15,15,15,15,15,15,15,15,15,15,15,15,15,15,15,15,15,15,15,15,15,15,15,15,15,15,15,15,15,15,15,15,15,15,15,15,15,15,15
15,15,15,15,15,15,15,15,15,15,15,15,15,15,15,15,15,15,15,15,15,15,15,15,15,15,15,15,15,15,15,15,15,15,15,15,15,15,15,15,15,15,15,15,15,15,15,15,15,15,15,15,15,15,15,15,15,15,15,15,15,15,15,15,15,15,15,15,15,15,15,15,15,15,15,15,15,15,15,15,15,15,15,15,15,15,15,15,15,15,15,15,15,15,15,15,15,15,15,15,15,15,15,15,15,15,15,15,15,15,15,15,15,15,15,15,15,15,15,15,15,15,15,15,15,15,15,15,15,15,15,15,15,15,15,15,15,15,15,15,15,15,15,15,15,15,15,15,15,15,15,15,15,15,15,15,15,15,15,15,15,15,15,15,15,15,15,15,15,15,15,15,15,15,15,15,15,15,15,15,15,15,15,15,15,15,15,15,15,15,15,15,15,15,15,15,15,15,15,15
15,15,15,15,15,15,15,15,15,15,15,15,15,15,15,15,15,15,15,15,15,15,15,15,15,15,15,15,15,15,15,15,15,15,15,15,15,15,15,15,15,15,15,15,15,15,15,15,15,15,15,15,15,15,15,15,15,15,15,15,15,15,15,15,15,15,15,15,15,15,15,15,15,15,15,15,15,15,15,15,15,15,15,15,15,15,15,15,15,15,15,15,15,15,15,15,15,15,15,15,15,15,15,15,15,15,15,15,15,15,15,15,15,15,15,15,15,15,15,15,15,15,15,15,15,15,15,15,15,15,15,15,15,15,15,15,15,15,15,15,15,15,15,15,15,15,15,15,15,15,15,15,15,15,15,15,15,15,15,15,15,15,15,15,15,15,15,15,15,15,15,15,15,15,15,15,15,15,15,15,15,15,15,15,15,15,15,15,15,15,15,15,15,15,15,15,15,15,15,15
15,15,15,15,15,15,15,15,15,15,15,15,15,15,15,15,15,15,15,15,15,15,15,15,15,15,15,15,15,15,15,15,15,15,15,15,15,15,15,15,15,15,15,15,15,15,15,15,15,15,15,15,15,15,15,15,15,15,15,15,15,15,15,15,15,15,15,15,15,15,15,15,15,15,15,15,15,15,15,15,15,15,15,15,15,15,15,15,15,15,15,15,15,15,15,15,15,15,15,15,15,15,15,15,15,15,15,15,15,15,15,15,15,15,15,15,15,15,15,15,15,15,15,15,15,15,15,15,15,15,15,15,15,15,15,15,15,15,15,15,15,15,15,15,15,15,15,15,15,15,15,15,15,15,15,15,15,15,15,15,15,15,15,15,15,15,15,15,15,15,15,15,15,15,15,15,15,15,15,15,15,15,15,15,15,15,15,15,15,15,15,15,15,15,15,15,15,15,15,15
15,15,15,15,15,15,15,15,15,15,15,15,15,15,15,15,15,15,15,15,15,15,15,15,15,15,15,15,15,15,15,15,15,15,15,15,15,15,15,15,15,15,15,15,15,15,15,15,15,15,15,15,15,15,15,15,15,15,15,15,15,15,15,15,15,15,15,15,15,15,15,15,15,15,15,15,15,15,15,15,15,15,15,15,15,15,15,15,15,15,15,15,15,15,15,15,15,15,15,15,15,15,15,15,15,15,15,15,15,15,15,15,15,15,15,15,15,15,15,15,15,15,15,15,15,15,15,15,15,15,15,15,15,15,15,15,15,15,15,15,15,15,15,15,15,15,15,15,15,15,15,15,15,15,15,15,15,15,15,15,15,15,15,15,15,15,15,15,15,15,15,15,15,15,15,15,15,15,15,15,15,15,15,15,15,15,15,15,15,15,15,15,15,15,15,15,15,15,15,15
15,15,15,15,15,15,15,15,15,15,15,15,15,15,15,15,15,15,15,15,15,15,15,15,15,15,15,15,15,15,15,15,15,15,15,15,15,15,15,15,15,15,15,15,15,15,15,15,15,15,15,15,15,15,15,15,15,15,15,15,15,15,15,15,15,15,15,15,15,15,15,15,15,15,15,15,15,15,15,15,15,15,15,15,15,15,15,15,15,15,15,15,15,15,15,15,15,15,15,15,15,15,15,15,15,15,15,15,15,15,15,15,15,15,15,15,15,15,15,15,15,15,15,15,15,15,15,15,15,15,15,15,15,15,15,15,15,15,15,15,15,15,15,15,15,15,15,15,15,15,15,15,15,15,15,15,15,15,15,15,15,15,15,15,15,15,15,15,15,15,15,15,15,15,15,15,15,15,15,15,15,15,15,15,15,15,15,15,15,15,15,15,15,15,15,15,15,15,15,15
15,15,15,15,15,15,15,15,15,15,15,15,15,15,15,15,15,15,15,15,15,15,15,15,15,15,15,15,15,15,15,15,15,15,15,15,15,15,15,15,15,15,15,15,15,15,15,15,15,15,15,15,15,15,15,15,15,15,15,15,15,15,15,15,15,15,15,15,15,15,15,15,15,15,15,15,15,15,15,15,15,15,15,15,15,15,15,15,15,15,15,15,15,15,15,15,15,15,15,15,15,15,15,15,15,15,15,15,15,15,15,15,15,15,15,15,15,15,15,15,15,15,15,15,15,15,15,15,15,15,15,15,15,15,15,15,15,15,15,15,15,15,15,15,15,15,15,15,15,15,15,15,15,15,15,15,15,15,15,15,15,15,15,15,15,15,15,15,15,15,15,15,15,15,15,15,15,15,15,15,15,15,15,15,15,15,15,15,15,15,15,15,15,15,15,15,15,15,15,15
15,15,15,15,15,15,15,15,15,15,15,15,15,15,15,15,15,15,15,15,15,15,15,15,15,15,15,15,15,15,15,15,15,15,15,15,15,15,15,15,15,15,15,15,15,15,15,15,15,15,15,15,15,15,15,15,15,15,15,15,15,15,15,15,15,15,15,15,15,15,15,15,15,15,15,15,15,15,15,15,15,15,15,15,15,15,15,15,15,15,15,15,15,15,15,15,15,15,15,15,15,15,15,15,15,15,15,15,15,15,15,15,15,15,15,15,15,15,15,15,15,15,15,15,15,15,15,15,15,15,15,15,15,15,15,15,15,15,15,15,15,15,15,15,15,15,15,15,15,15,15,15,15,15,15,15,15,15,15,15,15,15,15,15,15,15,15,15,15,15,15,15,15,15,15,15,15,15,15,15,15,15,15,15,15,15,15,15,15,15,15,15,15,15,15,15,15,15,15,15
15,15,15,15,15,15,15,15,15,15,15,15,15,15,15,15,15,15,15,15,15,15,15,15,15,15,15,15,15,15,15,15,15,15,15,15,15,15,15,15,15,15,15,15,15,15,15,15,15,15,15,15,15,15,15,15,15,15,15,15,15,15,15,15,15,15,15,15,15,15,15,15,15,15,15,15,15,15,15,15,15,15,15,15,15,15,15,15,15,15,15,15,15,15,15,15,15,15,15,15,15,15,15,15,15,15,15,15,15,15,15,15,15,15,15,15,15,15,15,15,15,15,15,15,15,15,15,15,15,15,15,15,15,15,15,15,15,15,15,15,15,15,15,15,15,15,15,15,15,15,15,15,15,15,15,15,15,15,15,15,15,15,15,15,15,15,15,15,15,15,15,15,15,15,15,15,15,15,15,15,15,15,15,15,15,15,15,15,15,15,15,15,15,15,15,15,15,15,15,15
15,15,15,15,15,15,15,15,15,15,15,15,15,15,15,15,15,15,15,15,15,15,15,15,15,15,15,15,15,15,15,15,15,15,15,15,15,15,15,15,15,15,15,15,15,15,15,15,15,15,15,15,15,15,15,15,15,15,15,15,15,15,15,15,15,15,15,15,15,15,15,15,15,15,15,15,15,15,15,15,15,15,15,15,15,15,15,15,15,15,15,15,15,15,15,15,15,15,15,15,15,15,15,15,15,15,15,15,15,15,15,15,15,15,15,15,15,15,15,15,15,15,15,15,15,15,15,15,15,15,15,15,15,15,15,15,15,15,15,15,15,15,15,15,15,15,15,15,15,15,15,15,15,15,15,15,15,15,15,15,15,15,15,15,15,15,15,15,15,15,15,15,15,15,15,15,15,15,15,15,15,15,15,15,15,15,15,15,15,15,15,15,15,15,15,15,15,15,15,15
15,15,15,15,15,15,15,15,15,15,15,15,15,15,15,15,15,15,15,15,15,15,15,15,15,15,15,15,15,15,15,15,15,15,15,15,15,15,15,15,15,15,15,15,15,15,15,15,15,15,15,15,15,15,15,15,15,15,15,15,15,15,15,15,15,15,15,15,15,15,15,15,15,15,15,15,15,15,15,15,15,15,15,15,15,15,15,15,15,15,15,15,15,15,15,15,15,15,15,15,15,15,15,15,15,15,15,15,15,15,15,15,15,15,15,15,15,15,15,15,15,15,15,15,15,15,15,15,15,15,15,15,15,15,15,15,15,15,15,15,15,15,15,15,15,15,15,15,15,15,15,15,15,15,15,15,15,15,15,15,15,15,15,15,15,15,15,15,15,15,15,15,15,15,15,15,15,15,15,15,15,15,15,15,15,15,15,15,15,15,15,15,15,15,15,15,15,15,15,15
15,15,15,15,15,15,15,15,15,15,15,15,15,15,15,15,15,15,15,15,15,15,15,15,15,15,15,15,15,15,15,15,15,15,15,15,15,15,15,15,15,15,15,15,15,15,15,15,15,15,15,15,15,15,15,15,15,15,15,15,15,15,15,15,15,15,15,15,15,15,15,15,15,15,15,15,15,15,15,15,15,15,15,15,15,15,15,15,15,15,15,15,15,15,15,15,15,15,15,15,15,15,15,15,15,15,15,15,15,15,15,15,15,15,15,15,15,15,15,15,15,15,15,15,15,15,15,15,15,15,15,15,15,15,15,15,15,15,15,15,15,15,15,15,15,15,15,15,15,15,15,15,15,15,15,15,15,15,15,15,15,15,15,15,15,15,15,15,15,15,15,15,15,15,15,15,15,15,15,15,15,15,15,15,15,15,15,15,15,15,15,15,15,15,15,15,15,15,15,15
15,15,15,15,15,15,15,15,15,15,15,15,15,15,15,15,15,15,15,15,15,15,15,15,15,15,15,15,15,15,15,15,15,15,15,15,15,15,15,15,15,15,15,15,15,15,15,15,15,15,15,15,15,15,15,15,15,15,15,15,15,15,15,15,15,15,15,15,15,15,15,15,15,15,15,15,15,15,15,15,15,15,15,15,15,15,15,15,15,15,15,15,15,15,15,15,15,15,15,15,15,15,15,15,15,15,15,15,15,15,15,15,15,15,15,15,15,15,15,15,15,15,15,15,15,15,15,15,15,15,15,15,15,15,15,15,15,15,15,15,15,15,15,15,15,15,15,15,15,15,15,15,15,15,15,15,15,15,15,15,15,15,15,15,15,15,15,15,15,15,15,15,15,15,15,15,15,15,15,15,15,15,15,15,15,15,15,15,15,15,15,15,15,15,15,15,15,15,15,15
15,15,15,15,15,15,15,15,15,15,15,15,15,15,15,15,15,15,15,15,15,15,15,15,15,15,15,15,15,15,15,15,15,15,15,15,15,15,15,15,15,15,15,15,15,15,15,15,15,15,15,15,15,15,15,15,15,15,15,15,15,15,15,15,15,15,15,15,15,15,15,15,15,15,15,15,15,15,15,15,15,15,15,15,15,15,15,15,15,15,15,15,15,15,15,15,15,15,15,15,15,15,15,15,15,15,15,15,15,15,15,15,15,15,15,15,15,15,15,15,15,15,15,15,15,15,15,15,15,15,15,15,15,15,15,15,15,15,15,15,15,15,15,15,15,15,15,15,15,15,15,15,15,15,15,15,15,15,15,15,15,15,15,15,15,15,15,15,15,15,15,15,15,15,15,15,15,15,15,15,15,15,15,15,15,15,15,15,15,15,15,15,15,15,15,15,15,15,15,15
13,13,13,13,13,13,13,13,13,13,13,13,13,13,13,13,13,13,13,13,13,13,13,13,13,13,13,13,13,13,13,13,13,13,13,13,13,13,13,13,13,13,13,13,13,13,13,13,13,13,13,13,13,13,13,13,13,13,13,13,13,13,13,13,13,13,13,13,13,13,13,13,13,13,13,13,13,13,13,13,13,13,13,13,13,13,13,13,13,13,13,13,13,13,13,13,13,13,13,13,13,13,13,13,13,13,13,13,13,13,13,13,13,13,13,13,13,13,13,13,13,13,13,13,13,13,13,13,13,13,13,13,13,13,13,13,13,13,13,13,15,15,15,15,15,15,15,15,15,15,15,15,15,15,15,15,15,15,15,15,15,15,15,15,15,15,15,15,15,15,15,15,15,15,15,15,15,15,15,15,15,15,15,15,15,15,15,15,15,15,15,15,15,15,15,15,15,15,15,15
13,13,3,3,3,3,2,2,2,2,2,2,2,2,2,3,3,3,3,13,13,4,4,4,4,3,3,3,3,3,3,3,3,3,4,4,4,4,13,13,13,13,3,3,3,3,2,2,2,2,2,2,2,2,2,3,3,3,3,13,13,4,4,4,4,3,3,3,3,3,3,3,3,3,4,4,4,4,13,13,13,13,3,3,3,3,2,2,2,2,2,2,2,2,2,3,3,3,3,13,13,4,4,4,4,3,3,3,3,3,3,3,3,3,4,4,4,4,13,13,13,13,3,3,3,3,2,2,2,2,2,2,2,2,2,3,3,3,3,13,15,15,15,15,15,15,15,15,15,15,15,15,15,15,15,15,15,15,15,15,15,15,15,15,15,15,15,15,15,15,15,15,15,15,15,15,15,15,15,15,15,15,15,15,15,15,15,15,15,15,15,15,15,15,15,15,15,15,15,15
13,13,3,3,3,3,2,2,2,2,2,2,2,2,2,3,3,3,3,13,13,4,4,4,4,3,3,3,3,3,3,3,3,3,4,4,4,4,13,13,13,13,3,3,3,3,2,2,2,2,2,2,2,2,2,3,3,3,3,13,13,4,4,4,4,3,3,3,3,3,3,3,3,3,4,4,4,4,13,13,13,13,3,3,3,3,2,2,2,2,2,2,2,2,2,3,3,3,3,13,13,4,4,4,4,3,3,3,3,3,3,3,3,3,4,4,4,4,13,13,13,13,3,3,3,3,2,2,2,2,2,2,2,2,2,3,3,3,3,13,15,15,15,15,15,15,15,15,15,15,15,15,15,15,15,15,15,15,15,15,15,15,15,15,15,15,15,15,15,15,15,15,15,15,15,15,15,15,15,15,15,15,15,15,15,15,15,15,15,15,15,15,15,15,15,15,15,15,15,15
13,13,3,3,3,3,2,2,2,2,2,2,2,2,2,3,3,3,3,13,13,4,4,4,4,3,3,3,3,3,3,3,3,3,4,4,4,4,13,13,13,13,3,3,3,3,2,2,2,2,2,2,2,2,2,3,3,3,3,13,13,4,4,4,4,3,3,3,3,3,3,3,3,3,4,4,4,4,13,13,13,13,3,3,3,3,2,2,2,2,2,2,2,2,2,3,3,3,3,13,13,4,4,4,4,3,3,3,3,3,3,3,3,3,4,4,4,4,13,13,13,13,3,3,3,3,2,2,2,2,2,2,2,2,2,3,3,3,3,13,15,15,15,15,15,15,15,15,15,15,15,15,15,15,15,15,15,15,15,15,15,15,15,15,15,15,15,15,15,15,15,15,15,15,15,15,15,15,15,15,15,15,15,15,15,15,15,15,15,15,15,15,15,15,15,15,15,15,15,15
13,13,3,3,3,3,2,2,2,2,2,2,2,2,2,3,3,3,3,13,13,4,4,4,4,3,3,3,3,3,3,3,3,3,4,4,4,4,13,13,13,13,3,3,3,3,2,2,2,2,2,2,2,2,2,3,3,3,3,13,13,4,4,4,4,3,3,3,3,3,3,3,3,3,4,4,4,4,13,13,13,13,3,3,3,3,2,2,2,2,2,2,2,2,2,3,3,3,3,13,13,4,4,4,4,3,3,3,3,3,3,3,3,3,4,4,4,4,13,13,13,13,3,3,3,3,2,2,2,2,2,2,2,2,2,3,3,3,3,13,15,15,15,15,15,15,15,15,15,15,15,15,15,15,15,15,15,15,15,15,15,15,15,15,15,15,15,15,15,15,15,15,15,15,15,15,15,15,15,15,15,15,15,15,15,15,15,15,15,15,15,15,15,15,15,15,15,15,15,15
13,13,2,2,2,2,1,1,1,1,1,1,1,1,1,2,2,2,2,13,13,3,3,3,3,2,2,2,2,2,2,2,2,2,3,3,3,3,13,13,13,13,2,2,2,2,1,1,1,1,1,1,1,1,1,2,2,2,2,13,13,3,3,3,3,2,2,2,2,2,2,2,2,2,3,3,3,3,13,13,13,13,2,2,2,2,1,1,1,1,1,1,1,1,1,2,2,2,2,13,13,3,3,3,3,2,2,2,2,2,2,2,2,2,3,3,3,3,13,13,13,13,2,2,2,2,1,1,1,1,1,1,1,1,1,2,2,2,2,13,15,15,15,15,15,15,15,15,15,15,15,15,15,15,15,15,15,15,15,15,15,15,15,15,15,15,15,15,15,15,15,15,15,15,15,15,15,15,15,15,15,15,15,15,15,15,15,15,15,15,15,15,15,15,15,15,15,15,15,15
13,13,2,2,2,2,1,1,1,1,1,1,1,1,1,2,2,2,2,13,13,3,3,3,3,2,2,2,2,2,2,2,2,2,3,3,3,3,13,13,13,13,2,2,2,2,1,1,1,1,1,1,1,1,1,2,2,2,2,13,13,3,3,3,3,2,2,2,2,2,2,2,2,2,3,3,3,3,13,13,13,13,2,2,2,2,1,1,1,1,1,1,1,1,1,2,2,2,2,13,13,3,3,3,3,2,2,2,2,2,2,2,2,2,3,3,3,3,13,13,13,13,2,2,2,2,1,1,1,1,1,1,1,1,1,2,2,2,2,13,15,15,15,15,15,15,15,15,15,15,15,15,15,15,15,15,15,15,15,15,15,15,15,15,15,15,15,15,15,15,15,15,15,15,15,15,15,15,15,15,15,15,15,15,15,15,15,15,15,15,15,15,15,15,15,15,15,15,15,15
13,13,2,2,2,2,1,1,1,1,1,1,1,1,1,2,2,2,2,13,13,3,3,3,3,2,2,2,2,2,2,2,2,2,3,3,3,3,13,13,13,13,2,2,2,2,1,1,1,1,1,1,1,1,1,2,2,2,2,13,13,3,3,3,3,2,2,2,2,2,2,2,2,2,3,3,3,3,13,13,13,13,2,2,2,2,1,1,1,1,1,1,1,1,1,2,2,2,2,13,13,3,3,3,3,2,2,2,2,2,2,2,2,2,3,3,3,3,13,13,13,13,2,2,2,2,1,1,1,1,1,1,1,1,1,2,2,2,2,13,15,15,15,15,15,15,15,15,15,15,15,15,15,15,15,15,15,15,15,15,15,15,15,15,15,15,15,15,15,15,15,15,15,15,15,15,15,15,15,15,15,15,15,15,15,15,15,15,15,15,15,15,15,15,15,15,15,15,15,15
13,13,2,2,2,2,1,1,1,1,1,1,1,1,1,2,2,2,2,13,13,3,3,3,3,2,2,2,2,2,2,2,2,2,3,3,3,3,13,13,13,13,2,2,2,2,1,1,1,1,1,1,1,1,1,2,2,2,2,13,13,3,3,3,3,2,2,2,2,2,2,2,2,2,3,3,3,3,13,13,13,13,2,2,2,2,1,1,1,1,1,1,1,1,1,2,2,2,2,13,13,3,3,3,3,2,2,2,2,2,2,2,2,2,3,3,3,3,13,13,13,13,2,2,2,2,1,1,1,1,1,1,1,1,1,2,2,2,2,13,15,15,15,15,15,15,15,15,15,15,15,15,15,15,15,15,15,15,15,15,15,15,15,15,15,15,15,15,15,15,15,15,15,15,15,15,15,15,15,15,15,15,15,15,15,15,15,15,15,15,15,15,15,15,15,15,15,15,15,15
13,13,2,2,2,2,1,1,1,1,1,1,1,1,1,2,2,2,2,13,13,3,3,3,3,2,2,2,2,2,2,2,2,2,3,3,3,3,13,13,13,13,2,2,2,2,1,1,1,1,1,1,1,1,1,2,2,2,2,13,13,3,3,3,3,2,2,2,2,2,2,2,2,2,3,3,3,3,13,13,13,13,2,2,2,2,1,1,1,1,1,1,1,1,1,2,2,2,2,13,13,3,3,3,3,2,2,2,2,2,2,2,2,2,3,3,3,3,13,13,13,13,2,2,2,2,1,1,1,1,1,1,1,1,1,2,2,2,2,13,15,15,15,15,15,15,15,15,15,15,15,15,15,15,15,15,15,15,15,15,15,15,15,15,15,15,15,15,15,15,15,15,15,15,15,15,15,15,15,15,15,15,15,15,15,15,15,15,15,15,15,15,15,15,15,15,15,15,15,15
13,13,2,2,2,2,1,1,1,1,1,1,1,1,1,2,2,2,2,13,13,3,3,3,3,2,2,2,2,2,2,2,2,2,3,3,3,3,13,13,13,13,2,2,2,2,1,1,1,1,1,1,1,1,1,2,2,2,2,13,13,3,3,3,3,2,2,2,2,2,2,2,2,2,3,3,3,3,13,13,13,13,2,2,2,2,1,1,1,1,1,1,1,1,1,2,2,2,2,13,13,3,3,3,3,2,2,2,2,2,2,2,2,2,3,3,3,3,13,13,13,13,2,2,2,2,1,1,1,1,1,1,1,1,1,2,2,2,2,13,15,15,15,15,15,15,15,15,15,15,15,15,15,15,15,15,15,15,15,15,15,15,15,15,15,15,15,15,15,15,15,15,15,15,15,15,15,15,15,15,15,15,15,15,15,15,15,15,15,15,15,15,15,15,15,15,15,15,15,15
13,13,2,2,2,2,1,1,1,1,1,1,1,1,1,2,2,2,2,13,13,3,3,3,3,2,2,2,2,2,2,2,2,2,3,3,3,3,13,13,13,13,2,2,2,2,1,1,1,1,1,1,1,1,1,2,2,2,2,13,13,3,3,3,3,2,2,2,2,2,2,2,2,2,3,3,3,3,13,13,13,13,2,2,2,2,1,1,1,1,1,1,1,1,1,2,2,2,2,13,13,3,3,3,3,2,2,2,2,2,2,2,2,2,3,3,3,3,13,13,13,13,2,2,2,2,1,1,1,1,1,1,1,1,1,2,2,2,2,13,15,15,15,15,15,15,15,15,15,15,15,15,15,15,15,15,15,15,15,15,15,15,15,15,15,15,15,15,15,15,15,15,15,15,15,15,15,15,15,15,15,15,15,15,15,15,15,15,15,15,15,15,15,15,15,15,15,15,15,15
13,13,2,2,2,2,1,1,1,1,1,1,1,1,1,2,2,2,2,13,13,3,3,3,3,2,2,2,2,2,2,2,2,2,3,3,3,3,13,13,13,13,2,2,2,2,1,1,1,1,1,1,1,1,1,2,2,2,2,13,13,3,3,3,3,2,2,2,2,2,2,2,2,2,3,3,3,3,13,13,13,13,2,2,2,2,1,1,1,1,1,1,1,1,1,2,2,2,2,13,13,3,3,3,3,2,2,2,2,2,2,2,2,2,3,3,3,3,13,13,13,13,2,2,2,2,1,1,1,1,1,1,1,1,1,2,2,2,2,13,15,15,15,15,15,15,15,15,15,15,15,15,15,15,15,15,15,15,15,15,15,15,15,15,15,15,15,15,15,15,15,15,15,15,15,15,15,15,15,15,15,15,15,15,15,15,15,15,15,15,15,15,15,15,15,15,15,15,15,15
13,13,2,2,2,2,1,1,1,1,1,1,1,1,1,2,2,2,2,13,13,3,3,3,3,2,2,2,2,2,2,2,2,2,3,3,3,3,13,13,13,13,2,2,2,2,1,1,1,1,1,1,1,1,1,2,2,2,2,13,13,3,3,3,3,2,2,2,2,2,2,2,2,2,3,3,3,3,13,13,13,13,2,2,2,2,1,1,1,1,1,1,1,1,1,2,2,2,2,13,13,3,3,3,3,2,2,2,2,2,2,2,2,2,3,3,3,3,13,13,13,13,2,2,2,2,1,1,1,1,1,1,1,1,1,2,2,2,2,13,15,15,15,15,15,15,15,15,15,15,15,15,15,15,15,15,15,15,15,15,15,15,15,15,15,15,15,15,15,15,15,15,15,15,15,15,15,15,15,15,15,15,15,15,15,15,15,15,15,15,15,15,15,15,15,15,15,15,15,15
13,13,3,3,3,3,2,2,2,2,2,2,2,2,2,3,3,3,3,13,13,4,4,4,4,3,3,3,3,3,3,3,3,3,4,4,4,4,13,13,13,13,3,3,3,3,2,2,2,2,2,2,2,2,2,3,3,3,3,13,13,4,4,4,4,3,3,3,3,3,3,3,3,3,4,4,4,4,13,13,13,13,3,3,3,3,2,2,2,2,2,2,2,2,2,3,3,3,3,13,13,4,4,4,4,3,3,3,3,3,3,3,3,3,4,4,4,4,13,13,13,13,3,3,3,3,2,2,2,2,2,2,2,2,2,3,3,3,3,13,15,15,15,15,15,15,15,15,15,15,15,15,15,15,15,15,15,15,15,15,15,15,15,15,15,15,15,15,15,15,15,15,15,15,15,15,15,15,15,15,15,15,15,15,15,15,15,15,15,15,15,15,15,15,15,15,15,15,15,15
13,13,3,3,3,3,2,2,2,2,2,2,2,2,2,3,3,3,3,13,13,4,4,4,4,3,3,3,3,3,3,3,3,3,4,4,4,4,13,13,13,13,3,3,3,3,2,2,2,2,2,2,2,2,2,3,3,3,3,13,13,4,4,4,4,3,3,3,3,3,3,3,3,3,4,4,4,4,13,13,13,13,3,3,3,3,2,2,2,2,2,2,2,2,2,3,3,3,3,13,13,4,4,4,4,3,3,3,3,3,3,3,3,3,4,4,4,4,13,13,13,13,3,3,3,3,2,2,2,2,2,2,2,2,2,3,3,3,3,13,15,15,15,15,15,15,15,15,15,15,15,15,15,15,15,15,15,15,15,15,15,15,15,15,15,15,15,15,15,15,15,15,15,15,15,15,15,15,15,15,15,15,15,15,15,15,15,15,15,15,15,15,15,15,15,15,15,15,15,15
13,13,3,3,3,3,2,2,2,2,2,2,2,2,2,3,3,3,3,13,13,4,4,4,4,3,3,3,3,3,3,3,3,3,4,4,4,4,13,13,13,13,3,3,3,3,2,2,2,2,2,2,2,2,2,3,3,3,3,13,13,4,4,4,4,3,3,3,3,3,3,3,3,3,4,4,4,4,13,13,13,13,3,3,3,3,2,2,2,2,2,2,2,2,2,3,3,3,3,13,13,4,4,4,4,3,3,3,3,3,3,3,3,3,4,4,4,4,13,13,13,13,3,3,3,3,2,2,2,2,2,2,2,2,2,3,3,3,3,13,15,15,15,15,15,15,15,15,15,15,15,15,15,15,15,15,15,15,15,15,15,15,15,15,15,15,15,15,15,15,15,15,15,15,15,15,15,15,15,15,15,15,15,15,15,15,15,15,15,15,15,15,15,15,15,15,15,15,15,15
13,13,3,3,3,3,2,2,2,2,2,2,2,2,2,3,3,3,3,13,13,4,4,4,4,3,3,3,3,3,3,3,3,3,4,4,4,4,13,13,13,13,3,3,3,3,2,2,2,2,2,2,2,2,2,3,3,3,3,13,13,4,4,4,4,3,3,3,3,3,3,3,3,3,4,4,4,4,13,13,13,13,3,3,3,3,2,2,2,2,2,2,2,2,2,3,3,3,3,13,13,4,4,4,4,3,3,3,3,3,3,3,3,3,4,4,4,4,13,13,13,13,3,3,3,3,2,2,2,2,2,2,2,2,2,3,3,3,3,13,15,15,15,15,15,15,15,15,15,15,15,15,15,15,15,15,15,15,15,15,15,15,15,15,15,15,15,15,15,15,15,15,15,15,15,15,15,15,15,15,15,15,15,15,15,15,15,15,15,15,15,15,15,15,15,15,15,15,15,15
13,13,13,13,13,13,13,13,13,13,13,13,13,13,13,13,13,13,13,13,13,13,13,13,13,13,13,13,13,13,13,13,13,13,13,13,13,13,13,13,13,13,13,13,13,13,13,13,13,13,13,13,13,13,13,13,13,13,13,13,13,13,13,13,13,13,13,13,13,13,13,13,13,13,13,13,13,13,13,13,13,13,13,13,13,13,13,13,13,13,13,13,13,13,13,13,13,13,13,13,13,13,13,13,13,13,13,13,13,13,13,13,13,13,13,13,13,13,13,13,13,13,13,13,13,13,13,13,13,13,13,13,13,13,13,13,13,13,13,13,15,15,15,15,15,15,15,15,15,15,15,15,15,15,15,15,15,15,15,15,15,15,15,15,15,15,15,15,15,15,15,15,15,15,15,15,15,15,15,15,15,15,15,15,15,15,15,15,15,15,15,15,15,15,15,15,15,15,15,15
13,13,13,13,13,13,13,13,13,13,13,13,13,13,13,13,13,13,13,13,13,13,13,13,13,13,13,13,13,13,13,13,13,13,13,13,13,13,13,13,13,13,13,13,13,13,13,13,13,13,13,13,13,13,13,13,13,13,13,13,13,13,13,13,13,13,13,13,13,13,13,13,13,13,13,13,13,13,13,13,13,13,13,13,13,13,13,13,13,13,13,13,13,13,13,13,13,13,13,13,13,13,13,13,13,13,13,13,13,13,13,13,13,13,13,13,13,13,13,13,13,13,13,13,13,13,13,13,13,13,13,13,13,13,13,13,13,13,13,13,15,15,15,15,15,15,15,15,15,15,15,15,15,15,15,15,15,15,15,15,15,15,15,15,15,15,15,15,15,15,15,15,15,15,15,15,15,15,15,15,15,15,15,15,15,15,15,15,15,15,15,15,15,15,15,15,15,15,15,15
13,13,13,13,13,13,13,13,13,13,13,13,13,13,13,13,13,13,13,13,13,13,13,13,13,13,13,13,13,13,13,13,13,13,13,13,13,13,13,13,13,13,13,13,13,13,13,13,13,13,13,13,13,13,13,13,13,13,13,13,13,13,13,13,13,13,13,13,13,13,13,13,13,13,13,13,13,13,13,13,13,13,13,13,13,13,13,13,13,13,13,13,13,13,13,13,13,13,13,13,13,13,13,13,13,13,13,13,13,13,13,13,13,13,13,13,13,13,13,13,13,13,13,13,13,13,13,13,13,13,13,13,13,13,13,13,13,13,13,13,15,15,15,15,15,15,15,15,15,15,15,15,15,15,15,15,15,15,15,15,15,15,15,15,15,15,15,15,15,15,15,15,15,15,15,15,15,15,15,15,15,15,15,15,15,15,15,15,15,15,15,15,15,15,15,15,15,15,15,15
13,13,13,13,13,13,13,13,13,13,13,13,13,13,13,13,13,13,13,13,13,13,13,13,13,13,13,13,13,13,13,13,13,13,13,13,13,13,13,13,13,13,13,13,13,13,13,13,13,13,13,13,13,13,13,13,13,13,13,13,13,13,13,13,13,13,13,13,13,13,13,13,13,13,13,13,13,13,13,13,13,13,13,13,13,13,13,13,13,13,13,13,13,13,13,13,13,13,13,13,13,13,13,13,13,13,13,13,13,13,13,13,13,13,13,13,13,13,13,13,13,13,13,13,13,13,13,13,13,13,13,13,13,13,13,13,13,13,13,13,15,15,15,15,15,15,15,15,15,15,15,15,15,15,15,15,15,15,15,15,15,15,15,15,15,15,15,15,15,15,15,15,15,15,15,15,15,15,15,15,15,15,15,15,15,15,15,15,15,15,15,15,15,15,15,15,15,15,15,15
13,13,4,4,4,4,3,3,3,3,3,3,3,3,3,4,4,4,4,13,13,3,3,3,3,2,2,2,2,2,2,2,2,2,3,3,3,3,13,13,13,13,4,4,4,4,3,3,3,3,3,3,3,3,3,4,4,4,4,13,13,3,3,3,3,2,2,2,2,2,2,2,2,2,3,3,3,3,13,13,13,13,4,4,4,4,3,3,3,3,3,3,3,3,3,4,4,4,4,13,13,3,3,3,3,2,2,2,2,2,2,2,2,2,3,3,3,3,13,13,13,13,4,4,4,4,3,3,3,3,3,3,3,3,3,4,4,4,4,13,15,15,15,15,15,15,15,15,15,15,15,15,15,15,15,15,15,15,15,15,15,15,15,15,15,15,15,15,15,15,15,15,15,15,15,15,15,15,15,15,15,15,15,15,15,15,15,15,15,15,15,15,15,15,15,15,15,15,15,15
13,13,4,4,4,4,3,3,3,3,3,3,3,3,3,4,4,4,4,13,13,3,3,3,3,2,2,2,2,2,2,2,2,2,3,3,3,3,13,13,13,13,4,4,4,4,3,3,3,3,3,3,3,3,3,4,4,4,4,13,13,3,3,3,3,2,2,2,2,2,2,2,2,2,3,3,3,3,13,13,13,13,4,4,4,4,3,3,3,3,3,3,3,3,3,4,4,4,4,13,13,3,3,3,3,2,2,2,2,2,2,2,2,2,3,3,3,3,13,13,13,13,4,4,4,4,3,3,3,3,3,3,3,3,3,4,4,4,4,13,15,15,15,15,15,15,15,15,15,15,15,15,15,15,15,15,15,15,15,15,15,15,15,15,15,15,15,15,15,15,15,15,15,15,15,15,15,15,15,15,15,15,15,15,15,15,15,15,15,15,15,15,15,15,15,15,15,15,15,15
13,13,4,4,4,4,3,3,3,3,3,3,3,3,3,4,4,4,4,13,13,3,3,3,3,2,2,2,2,2,2,2,2,2,3,3,3,3,13,13,13,13,4,4,4,4,3,3,3,3,3,3,3,3,3,4,4,4,4,13,13,3,3,3,3,2,2,2,2,2,2,2,2,2,3,3,3,3,13,13,13,13,4,4,4,4,3,3,3,3,3,3,3,3,3,4,4,4,4,13,13,3,3,3,3,2,2,2,2,2,2,2,2,2,3,3,3,3,13,13,13,13,4,4,4,4,3,3,3,3,3,3,3,3,3,4,4,4,4,13,15,15,15,15,15,15,15,15,15,15,15,15,15,15,15,15,15,15,15,15,15,15,15,15,15,15,15,15,15,15,15,15,15,15,15,15,15,15,15,15,15,15,15,15,15,15,15,15,15,15,15,15,15,15,15,15,15,15,15,15
13,13,4,4,4,4,3,3,3,3,3,3,3,3,3,4,4,4,4,13,13,3,3,3,3,2,2,2,2,2,2,2,2,2,3,3,3,3,13,13,13,13,4,4,4,4,3,3,3,3,3,3,3,3,3,4,4,4,4,13,13,3,3,3,3,2,2,2,2,2,2,2,2,2,3,3,3,3,13,13,13,13,4,4,4,4,3,3,3,3,3,3,3,3,3,4,4,4,4,13,13,3,3,3,3,2,2,2,2,2,2,2,2,2,3,3,3,3,13,13,13,13,4,4,4,4,3,3,3,3,3,3,3,3,3,4,4,4,4,13,15,15,15,15,15,15,15,15,15,15,15,15,15,15,15,15,15,15,15,15,15,15,15,15,15,15,15,15,15,15,15,15,15,15,15,15,15,15,15,15,15,15,15,15,15,15,15,15,15,15,15,15,15,15,15,15,15,15,15,15
13,13,3,3,3,3,2,2,2,2,2,2,2,2,2,3,3,3,3,13,13,2,2,2,2,1,1,1,1,1,1,1,1,1,2,2,2,2,13,13,13,13,3,3,3,3,2,2,2,2,2,2,2,2,2,3,3,3,3,13,13,2,2,2,2,1,1,1,1,1,1,1,1,1,2,2,2,2,13,13,13,13,3,3,3,3,2,2,2,2,2,2,2,2,2,3,3,3,3,13,13,2,2,2,2,1,1,1,1,1,1,1,1,1,2,2,2,2,13,13,13,13,3,3,3,3,2,2,2,2,2,2,2,2,2,3,3,3,3,13,15,15,15,15,15,15,15,15,15,15,15,15,15,15,15,15,15,15,15,15,15,15,15,15,15,15,15,15,15,15,15,15,15,15,15,15,15,15,15,15,15,15,15,15,15,15,15,15,15,15,15,15,15,15,15,15,15,15,15,15
13,13,3,3,3,3,2,2,2,2,2,2,2,2,2,3,3,3,3,13,13,2,2,2,2,1,1,1,1,1,1,1,1,1,2,2,2,2,13,13,13,13,3,3,3,3,2,2,2,2,2,2,2,2,2,3,3,3,3,13,13,2,2,2,2,1,1,1,1,1,1,1,1,1,2,2,2,2,13,13,13,13,3,3,3,3,2,2,2,2,2,2,2,2,2,3,3,3,3,13,13,2,2,2,2,1,1,1,1,1,1,1,1,1,2,2,2,2,13,13,13,13,3,3,3,3,2,2,2,2,2,2,2,2,2,3,3,3,3,13,15,15,15,15,15,15,15,15,15,15,15,15,15,15,15,15,15,15,15,15,15,15,15,15,15,15,15,15,15,15,15,15,15,15,15,15,15,15,15,15,15,15,15,15,15,15,15,15,15,15,15,15,15,15,15,15,15,15,15,15
13,13,3,3,3,3,2,2,2,2,2,2,2,2,2,3,3,3,3,13,13,2,2,2,2,1,1,1,1,1,1,1,1,1,2,2,2,2,13,13,13,13,3,3,3,3,2,2,2,2,2,2,2,2,2,3,3,3,3,13,13,2,2,2,2,1,1,1,1,1,1,1,1,1,2,2,2,2,13,13,13,13,3,3,3,3,2,2,2,2,2,2,2,2,2,3,3,3,3,13,13,2,2,2,2,1,1,1,1,1,1,1,1,1,2,2,2,2,13,13,13,13,3,3,3,3,2,2,2,2,2,2,2,2,2,3,3,3,3,13,15,15,15,15,15,15,15,15,15,15,15,15,15,15,15,15,15,15,15,15,15,15,15,15,15,15,15,15,15,15,15,15,15,15,15,15,15,15,15,15,15,15,15,15,15,15,15,15,15,15,15,15,15,15,15,15,15,15,15,15
13,13,3,3,3,3,2,2,2,2,2,2,2,2,2,3,3,3,3,13,13,2,2,2,2,1,1,1,1,1,1,1,1,1,2,2,2,2,13,13,13,13,3,3,3,3,2,2,2,2,2,2,2,2,2,3,3,3,3,13,13,2,2,2,2,1,1,1,1,1,1,1,1,1,2,2,2,2,13,13,13,13,3,3,3,3,2,2,2,2,2,2,2,2,2,3,3,3,3,13,13,2,2,2,2,1,1,1,1,1,1,1,1,1,2,2,2,2,13,13,13,13,3,3,3,3,2,2,2,2,2,2,2,2,2,3,3,3,3,13,15,15,15,15,15,15,15,15,15,15,15,15,15,15,15,15,15,15,15,15,15,15,15,15,15,15,15,15,15,15,15,15,15,15,15,15,15,15,15,15,15,15,15,15,15,15,15,15,15,15,15,15,15,15,15,15,15,15,15,15
13,13,3,3,3,3,2,2,2,2,2,2,2,2,2,3,3,3,3,13,13,2,2,2,2,1,1,1,1,1,1,1,1,1,2,2,2,2,13,13,13,13,3,3,3,3,2,2,2,2,2,2,2,2,2,3,3,3,3,13,13,2,2,2,2,1,1,1,1,1,1,1,1,1,2,2,2,2,13,13,13,13,3,3,3,3,2,2,2,2,2,2,2,2,2,3,3,3,3,13,13,2,2,2,2,1,1,1,1,1,1,1,1,1,2,2,2,2,13,13,13,13,3,3,3,3,2,2,2,2,2,2,2,2,2,3,3,3,3,13,15,15,15,15,15,15,15,15,15,15,15,15,15,15,15,15,15,15,15,15,15,15,15,15,15,15,15,15,15,15,15,15,15,15,15,15,15,15,15,15,15,15,15,15,15,15,15,15,15,15,15,15,15,15,15,15,15,15,15,15
13,13,3,3,3,3,2,2,2,2,2,2,2,2,2,3,3,3,3,13,13,2,2,2,2,1,1,1,1,1,1,1,1,1,2,2,2,2,13,13,13,13,3,3,3,3,2,2,2,2,2,2,2,2,2,3,3,3,3,13,13,2,2,2,2,1,1,1,1,1,1,1,1,1,2,2,2,2,13,13,13,13,3,3,3,3,2,2,2,2,2,2,2,2,2,3,3,3,3,13,13,2,2,2,2,1,1,1,1,1,1,1,1,1,2,2,2,2,13,13,13,13,3,3,3,3,2,2,2,2,2,2,2,2,2,3,3,3,3,13,15,15,15,15,15,15,15,15,15,15,15,15,15,15,15,15,15,15,15,15,15,15,15,15,15,15,15,15,15,15,15,15,15,15,15,15,15,15,15,15,15,15,15,15,15,15,15,15,15,15,15,15,15,15,15,15,15,15,15,15
13,13,3,3,3,3,2,2,2,2,2,2,2,2,2,3,3,3,3,13,13,2,2,2,2,1,1,1,1,1,1,1,1,1,2,2,2,2,13,13,13,13,3,3,3,3,2,2,2,2,2,2,2,2,2,3,3,3,3,13,13,2,2,2,2,1,1,1,1,1,1,1,1,1,2,2,2,2,13,13,13,13,3,3,3,3,2,2,2,2,2,2,2,2,2,3,3,3,3,13,13,2,2,2,2,1,1,1,1,1,1,1,1,1,2,2,2,2,13,13,13,13,3,3,3,3,2,2,2,2,2,2,2,2,2,3,3,3,3,13,15,15,15,15,15,15,15,15,15,15,15,15,15,15,15,15,15,15,15,15,15,15,15,15,15,15,15,15,15,15,15,15,15,15,15,15,15,15,15,15,15,15,15,15,15,15,15,15,15,15,15,15,15,15,15,15,15,15,15,15
13,13,3,3,3,3,2,2,2,2,2,2,2,2,2,3,3,3,3,13,13,2,2,2,2,1,1,1,1,1,1,1,1,1,2,2,2,2,13,13,13,13,3,3,3,3,2,2,2,2,2,2,2,2,2,3,3,3,3,13,13,2,2,2,2,1,1,1,1,1,1,1,1,1,2,2,2,2,13,13,13,13,3,3,3,3,2,2,2,2,2,2,2,2,2,3,3,3,3,13,13,2,2,2,2,1,1,1,1,1,1,1,1,1,2,2,2,2,13,13,13,13,3,3,3,3,2,2,2,2,2,2,2,2,2,3,3,3,3,13,15,15,15,15,15,15,15,15,15,15,15,15,15,15,15,15,15,15,15,15,15,15,15,15,15,15,15,15,15,15,15,15,15,15,15,15,15,15,15,15,15,15,15,15,15,15,15,15,15,15,15,15,15,15,15,15,15,15,15,15
13,13,3,3,3,3,2,2,2,2,2,2,2,2,2,3,3,3,3,13,13,2,2,2,2,1,1,1,1,1,1,1,1,1,2,2,2,2,13,13,13,13,3,3,3,3,2,2,2,2,2,2,2,2,2,3,3,3,3,13,13,2,2,2,2,1,1,1,1,1,1,1,1,1,2,2,2,2,13,13,13,13,3,3,3,3,2,2,2,2,2,2,2,2,2,3,3,3,3,13,13,2,2,2,2,1,1,1,1,1,1,1,1,1,2,2,2,2,13,13,13,13,3,3,3,3,2,2,2,2,2,2,2,2,2,3,3,3,3,13,15,15,15,15,15,15,15,15,15,15,15,15,15,15,15,15,15,15,15,15,15,15,15,15,15,15,15,15,15,15,15,15,15,15,15,15,15,15,15,15,15,15,15,15,15,15,15,15,15,15,15,15,15,15,15,15,15,15,15,15
13,13,4,4,4,4,3,3,3,3,3,3,3,3,3,4,4,4,4,13,13,3,3,3,3,2,2,2,2,2,2,2,2,2,3,3,3,3,13,13,13,13,4,4,4,4,3,3,3,3,3,3,3,3,3,4,4,4,4,13,13,3,3,3,3,2,2,2,2,2,2,2,2,2,3,3,3,3,13,13,13,13,4,4,4,4,3,3,3,3,3,3,3,3,3,4,4,4,4,13,13,3,3,3,3,2,2,2,2,2,2,2,2,2,3,3,3,3,13,13,13,13,4,4,4,4,3,3,3,3,3,3,3,3,3,4,4,4,4,13,15,15,15,15,15,15,15,15,15,15,15,15,15,15,15,15,15,15,15,15,15,15,15,15,15,15,15,15,15,15,15,15,15,15,15,15,15,15,15,15,15,15,15,15,15,15,15,15,15,15,15,15,15,15,15,15,15,15,15,15
13,13,4,4,4,4,3,3,3,3,3,3,3,3,3,4,4,4,4,13,13,3,3,3,3,2,2,2,2,2,2,2,2,2,3,3,3,3,13,13,13,13,4,4,4,4,3,3,3,3,3,3,3,3,3,4,4,4,4,13,13,3,3,3,3,2,2,2,2,2,2,2,2,2,3,3,3,3,13,13,13,13,4,4,4,4,3,3,3,3,3,3,3,3,3,4,4,4,4,13,13,3,3,3,3,2,2,2,2,2,2,2,2,2,3,3,3,3,13,13,13,13,4,4,4,4,3,3,3,3,3,3,3,3,3,4,4,4,4,13,15,15,15,15,15,15,15,15,15,15,15,15,15,15,15,15,15,15,15,15,15,15,15,15,15,15,15,15,15,15,15,15,15,15,15,15,15,15,15,15,15,15,15,15,15,15,15,15,15,15,15,15,15,15,15,15,15,15,15,15
13,13,4,4,4,4,3,3,3,3,3,3,3,3,3,4,4,4,4,13,13,3,3,3,3,2,2,2,2,2,2,2,2,2,3,3,3,3,13,13,13,13,4,4,4,4,3,3,3,3,3,3,3,3,3,4,4,4,4,13,13,3,3,3,3,2,2,2,2,2,2,2,2,2,3,3,3,3,13,13,13,13,4,4,4,4,3,3,3,3,3,3,3,3,3,4,4,4,4,13,13,3,3,3,3,2,2,2,2,2,2,2,2,2,3,3,3,3,13,13,13,13,4,4,4,4,3,3,3,3,3,3,3,3,3,4,4,4,4,13,15,15,15,15,15,15,15,15,15,15,15,15,15,15,15,15,15,15,15,15,15,15,15,15,15,15,15,15,15,15,15,15,15,15,15,15,15,15,15,15,15,15,15,15,15,15,15,15,15,15,15,15,15,15,15,15,15,15,15,15
13,13,4,4,4,4,3,3,3,3,3,3,3,3,3,4,4,4,4,13,13,3,3,3,3,2,2,2,2,2,2,2,2,2,3,3,3,3,13,13,13,13,4,4,4,4,3,3,3,3,3,3,3,3,3,4,4,4,4,13,13,3,3,3,3,2,2,2,2,2,2,2,2,2,3,3,3,3,13,13,13,13,4,4,4,4,3,3,3,3,3,3,3,3,3,4,4,4,4,13,13,3,3,3,3,2,2,2,2,2,2,2,2,2,3,3,3,3,13,13,13,13,4,4,4,4,3,3,3,3,3,3,3,3,3,4,4,4,4,13,15,15,15,15,15,15,15,15,15,15,15,15,15,15,15,15,15,15,15,15,15,15,15,15,15,15,15,15,15,15,15,15,15,15,15,15,15,15,15,15,15,15,15,15,15,15,15,15,15,15,15,15,15,15,15,15,15,15,15,15
13,13,13,13,13,13,13,13,13,13,13,13,13,13,13,13,13,13,13,13,13,13,13,13,13,13,13,13,13,13,13,13,13,13,13,13,13,13,13,13,13,13,13,13,13,13,13,13,13,13,13,13,13,13,13,13,13,13,13,13,13,13,13,13,13,13,13,13,13,13,13,13,13,13,13,13,13,13,13,13,13,13,13,13,13,13,13,13,13,13,13,13,13,13,13,13,13,13,13,13,13,13,13,13,13,13,13,13,13,13,13,13,13,13,13,13,13,13,13,13,13,13,13,13,13,13,13,13,13,13,13,13,13,13,13,13,13,13,13,13,15,15,15,15,15,15,15,15,15,15,15,15,15,15,15,15,15,15,15,15,15,15,15,15,15,15,15,15,15,15,15,15,15,15,15,15,15,15,15,15,15,15,15,15,15,15,15,15,15,15,15,15,15,15,15,15,15,15,15,15
13,13,13,13,13,13,13,13,13,13,13,13,13,13,13,13,13,13,13,13,13,13,13,13,13,13,13,13,13,13,13,13,13,13,13,13,13,13,13,13,13,13,13,13,13,13,13,13,13,13,13,13,13,13,13,13,13,13,13,13,13,13,13,13,13,13,13,13,13,13,13,13,13,13,13,13,13,13,13,13,13,13,13,13,13,13,13,13,13,13,13,13,13,13,13,13,13,13,13,13,13,13,13,13,13,13,13,13,13,13,13,13,13,13,13,13,13,13,13,13,13,13,13,13,13,13,13,13,13,13,13,13,13,13,13,13,13,13,13,13,13,13,13,13,13,13,13,13,13,13,13,13,13,13,13,13,13,13,13,13,13,13,13,13,13,13,13,13,13,13,13,13,13,13,13,13,13,13,13,13,15,15,15,15,15,15,15,15,15,15,15,15,15,15,15,15,15,15,15,15
13,13,3,3,3,3,2,2,2,2,2,2,2,2,2,3,3,3,3,13,13,4,4,4,4,3,3,3,3,3,3,3,3,3,4,4,4,4,13,13,13,13,3,3,3,3,2,2,2,2,2,2,2,2,2,3,3,3,3,13,13,4,4,4,4,3,3,3,3,3,3,3,3,3,4,4,4,4,13,13,13,13,3,3,3,3,2,2,2,2,2,2,2,2,2,3,3,3,3,13,13,4,4,4,4,3,3,3,3,3,3,3,3,3,4,4,4,4,13,13,13,13,3,3,3,3,2,2,2,2,2,2,2,2,2,3,3,3,3,13,13,4,4,4,4,3,3,3,3,3,3,3,3,3,4,4,4,4,13,13,13,13,3,3,3,3,2,2,2,2,2,2,2,2,2,3,3,3,3,13,15,15,15,15,15,15,15,15,15,15,15,15,15,15,15,15,15,15,15,15
13,13,3,3,3,3,2,2,2,2,2,2,2,2,2,3,3,3,3,13,13,4,4,4,4,3,3,3,3,3,3,3,3,3,4,4,4,4,13,13,13,13,3,3,3,3,2,2,2,2,2,2,2,2,2,3,3,3,3,13,13,4,4,4,4,3,3,3,3,3,3,3,3,3,4,4,4,4,13,13,13,13,3,3,3,3,2,2,2,2,2,2,2,2,2,3,3,3,3,13,13,4,4,4,4,3,3,3,3,3,3,3,3,3,4,4,4,4,13,13,13,13,3,3,3,3,2,2,2,2,2,2,2,2,2,3,3,3,3,13,13,4,4,4,4,3,3,3,3,3,3,3,3,3,4,4,4,4,13,13,13,13,3,3,3,3,2,2,2,2,2,2,2,2,2,3,3,3,3,13,15,15,15,15,15,15,15,15,15,15,15,15,15,15,15,15,15,15,15,15
13,13,3,3,3,3,2,2,2,2,2,2,2,2,2,3,3,3,3,13,13,4,4,4,4,3,3,3,3,3,3,3,3,3,4,4,4,4,13,13,13,13,3,3,3,3,2,2,2,2,2,2,2,2,2,3,3,3,3,13,13,4,4,4,4,3,3,3,3,3,3,3,3,3,4,4,4,4,13,13,13,13,3,3,3,3,2,2,2,2,2,2,2,2,2,3,3,3,3,13,13,4,4,4,4,3,3,3,3,3,3,3,3,3,4,4,4,4,13,13,13,13,3,3,3,3,2,2,2,2,2,2,2,2,2,3,3,3,3,13,13,4,4,4,4,3,3,3,3,3,3,3,3,3,4,4,4,4,13,13,13,13,3,3,3,3,2,2,2,2,2,2,2,2,2,3,3,3,3,13,15,15,15,15,15,15,15,15,15,15,15,15,15,15,15,15,15,15,15,15
13,13,3,3,3,3,2,2,2,2,2,2,2,2,2,3,3,3,3,13,13,4,4,4,4,3,3,3,3,3,3,3,3,3,4,4,4,4,13,13,13,13,3,3,3,3,2,2,2,2,2,2,2,2,2,3,3,3,3,13,13,4,4,4,4,3,3,3,3,3,3,3,3,3,4,4,4,4,13,13,13,13,3,3,3,3,2,2,2,2,2,2,2,2,2,3,3,3,3,13,13,4,4,4,4,3,3,3,3,3,3,3,3,3,4,4,4,4,13,13,13,13,3,3,3,3,2,2,2,2,2,2,2,2,2,3,3,3,3,13,13,4,4,4,4,3,3,3,3,3,3,3,3,3,4,4,4,4,13,13,13,13,3,3,3,3,2,2,2,2,2,2,2,2,2,3,3,3,3,13,15,15,15,15,15,15,15,15,15,15,15,15,15,15,15,15,15,15,15,15
13,13,2,2,2,2,1,1,1,1,1,1,1,1,1,2,2,2,2,13,13,3,3,3,3,2,2,2,2,2,2,2,2,2,3,3,3,3,13,14,14,13,2,2,2,2,1,1,1,1,1,1,1,1,1,2,2,2,2,13,13,3,3,3,3,2,2,2,2,2,2,2,2,2,3,3,3,3,13,13,13,13,2,2,2,2,1,1,1,1,1,1,1,1,1,2,2,2,2,13,13,3,3,3,3,2,2,2,2,2,2,2,2,2,3,3,3,3,13,13,13,13,2,2,2,2,1,1,1,1,1,1,1,1,1,2,2,2,2,13,13,3,3,3,3,2,2,2,2,2,2,2,2,2,3,3,3,3,13,13,13,13,2,2,2,2,1,1,1,1,1,1,1,1,1,2,2,2,2,13,15,15,15,15,15,15,15,15,15,15,15,15,15,15,15,15,15,15,15,15
13,13,2,2,2,2,1,1,1,1,1,1,1,1,1,2,2,2,2,13,13,3,3,3,3,2,2,2,2,2,2,2,2,2,3,3,3,3,13,14,14,13,2,2,2,2,1,1,1,1,1,1,1,1,1,2,2,2,2,13,13,3,3,3,3,2,2,2,2,2,2,2,2,2,3,3,3,3,13,13,13,13,2,2,2,2,1,1,1,1,1,1,1,1,1,2,2,2,2,13,13,3,3,3,3,2,2,2,2,2,2,2,2,2,3,3,3,3,13,13,13,13,2,2,2,2,1,1,1,1,1,1,1,1,1,2,2,2,2,13,13,3,3,3,3,2,2,2,2,2,2,2,2,2,3,3,3,3,13,13,13,13,2,2,2,2,1,1,1,1,1,1,1,1,1,2,2,2,2,13,15,15,15,15,15,15,15,15,15,15,15,15,15,15,15,15,15,15,15,15
13,13,2,2,2,2,1,1,1,1,1,1,1,1,1,2,2,2,2,13,13,3,3,3,3,2,2,2,2,2,2,2,2,2,3,3,3,3,13,14,14,13,2,2,2,2,1,1,1,1,1,1,1,1,1,2,2,2,2,13,13,3,3,3,3,2,2,2,2,2,2,2,2,2,3,3,3,3,13,13,13,13,2,2,2,2,1,1,1,1,1,1,1,1,1,2,2,2,2,13,13,3,3,3,3,2,2,2,2,2,2,2,2,2,3,3,3,3,13,13,13,13,2,2,2,2,1,1,1,1,1,1,1,1,1,2,2,2,2,13,13,3,3,3,3,2,2,2,2,2,2,2,2,2,3,3,3,3,13,13,13,13,2,2,2,2,1,1,1,1,1,1,1,1,1,2,2,2,2,13,15,15,15,15,15,15,15,15,15,15,15,15,15,15,15,15,15,15,15,15
13,13,2,2,2,2,1,1,1,1,1,1,1,1,1,2,2,2,2,13,13,3,3,3,3,2,2,2,2,2,2,2,2,2,3,3,3,3,13,14,14,13,2,2,2,2,1,1,1,1,1,1,1,1,1,2,2,2,2,13,13,3,3,3,3,2,2,2,2,2,2,2,2,2,3,3,3,3,13,13,13,13,2,2,2,2,1,1,1,1,1,1,1,1,1,2,2,2,2,13,13,3,3,3,3,2,2,2,2,2,2,2,2,2,3,3,3,3,13,13,13,13,2,2,2,2,1,1,1,1,1,1,1,1,1,2,2,2,2,13,13,3,3,3,3,2,2,2,2,2,2,2,2,2,3,3,3,3,13,13,13,13,2,2,2,2,1,1,1,1,1,1,1,1,1,2,2,2,2,13,15,15,15,15,15,15,15,15,15,15,15,15,15,15,15,15,15,15,15,15
13,13,2,2,2,2,1,1,1,1,1,1,1,1,1,2,2,2,2,13,13,3,3,3,3,2,2,2,2,2,2,2,2,2,3,3,3,3,13,14,14,13,2,2,2,2,1,1,1,1,1,1,1,1,1,2,2,2,2,13,13,3,3,3,3,2,2,2,2,2,2,2,2,2,3,3,3,3,13,13,13,13,2,2,2,2,1,1,1,1,1,1,1,1,1,2,2,2,2,13,13,3,3,3,3,2,2,2,2,2,2,2,2,2,3,3,3,3,13,13,13,13,2,2,2,2,1,1,1,1,1,1,1,1,1,2,2,2,2,13,13,3,3,3,3,2,2,2,2,2,2,2,2,2,3,3,3,3,13,13,13,13,2,2,2,2,1,1,1,1,1,1,1,1,1,2,2,2,2,13,15,15,15,15,15,15,15,15,15,15,15,15,15,15,15,15,15,15,15,15
13,13,2,2,2,2,1,1,1,1,1,1,1,1,1,2,2,2,2,13,13,3,3,3,3,2,2,2,2,2,2,2,2,2,3,3,3,3,13,14,14,13,2,2,2,2,1,1,1,1,1,1,1,1,1,2,2,2,2,13,13,3,3,3,3,2,2,2,2,2,2,2,2,2,3,3,3,3,13,13,13,13,2,2,2,2,1,1,1,1,1,1,1,1,1,2,2,2,2,13,13,3,3,3,3,2,2,2,2,2,2,2,2,2,3,3,3,3,13,13,13,13,2,2,2,2,1,1,1,1,1,1,1,1,1,2,2,2,2,13,13,3,3,3,3,2,2,2,2,2,2,2,2,2,3,3,3,3,13,13,13,13,2,2,2,2,1,1,1,1,1,1,1,1,1,2,2,2,2,13,15,15,15,15,15,15,15,15,15,15,15,15,15,15,15,15,15,15,15,15
13,13,2,2,2,2,1,1,1,1,1,1,1,1,1,2,2,2,2,13,13,3,3,3,3,2,2,2,2,2,2,2,2,2,3,3,3,3,13,14,14,13,2,2,2,2,1,1,1,1,1,1,1,1,1,2,2,2,2,13,13,3,3,3,3,2,2,2,2,2,2,2,2,2,3,3,3,3,13,13,13,13,2,2,2,2,1,1,1,1,1,1,1,1,1,2,2,2,2,13,13,3,3,3,3,2,2,2,2,2,2,2,2,2,3,3,3,3,13,13,13,13,2,2,2,2,1,1,1,1,1,1,1,1,1,2,2,2,2,13,13,3,3,3,3,2,2,2,2,2,2,2,2,2,3,3,3,3,13,13,13,13,2,2,2,2,1,1,1,1,1,1,1,1,1,2,2,2,2,13,15,15,15,15,15,15,15,15,15,15,15,15,15,15,15,15,15,15,15,15
13,13,2,2,2,2,1,1,1,1,1,1,1,1,1,2,2,2,2,13,13,3,3,3,3,2,2,2,2,2,2,2,2,2,3,3,3,3,13,14,14,13,2,2,2,2,1,1,1,1,1,1,1,1,1,2,2,2,2,13,13,3,3,3,3,2,2,2,2,2,2,2,2,2,3,3,3,3,13,13,13,13,2,2,2,2,1,1,1,1,1,1,1,1,1,2,2,2,2,13,13,3,3,3,3,2,2,2,2,2,2,2,2,2,3,3,3,3,13,13,13,13,2,2,2,2,1,1,1,1,1,1,1,1,1,2,2,2,2,13,13,3,3,3,3,2,2,2,2,2,2,2,2,2,3,3,3,3,13,13,13,13,2,2,2,2,1,1,1,1,1,1,1,1,1,2,2,2,2,13,15,15,15,15,15,15,15,15,15,15,15,15,15,15,15,15,15,15,15,15
13,13,2,2,2,2,1,1,1,1,1,1,1,1,1,2,2,2,2,13,13,3,3,3,3,2,2,2,2,2,2,2,2,2,3,3,3,3,13,14,14,13,2,2,2,2,1,1,1,1,1,1,1,1,1,2,2,2,2,13,13,3,3,3,3,2,2,2,2,2,2,2,2,2,3,3,3,3,13,13,13,13,2,2,2,2,1,1,1,1,1,1,1,1,1,2,2,2,2,13,13,3,3,3,3,2,2,2,2,2,2,2,2,2,3,3,3,3,13,13,13,13,2,2,2,2,1,1,1,1,1,1,1,1,1,2,2,2,2,13,13,3,3,3,3,2,2,2,2,2,2,2,2,2,3,3,3,3,13,13,13,13,2,2,2,2,1,1,1,1,1,1,1,1,1,2,2,2,2,13,15,15,15,15,15,15,15,15,15,15,15,15,15,15,15,15,15,15,15,15
13,13,3,3,3,3,2,2,2,2,2,2,2,2,2,3,3,3,3,13,13,4,4,4,4,3,3,3,3,3,3,3,3,3,4,4,4,4,13,14,14,13,3,3,3,3,2,2,2,2,2,2,2,2,2,3,3,3,3,13,13,4,4,4,4,3,3,3,3,3,3,3,3,3,4,4,4,4,13,13,13,13,3,3,3,3,2,2,2,2,2,2,2,2,2,3,3,3,3,13,13,4,4,4,4,3,3,3,3,3,3,3,3,3,4,4,4,4,13,13,13,13,3,3,3,3,2,2,2,2,2,2,2,2,2,3,3,3,3,13,13,4,4,4,4,3,3,3,3,3,3,3,3,3,4,4,4,4,13,13,13,13,3,3,3,3,2,2,2,2,2,2,2,2,2,3,3,3,3,13,15,15,15,15,15,15,15,15,15,15,15,15,15,15,15,15,15,15,15,15
13,13,3,3,3,3,2,2,2,2,2,2,2,2,2,3,3,3,3,13,13,4,4,4,4,3,3,3,3,3,3,3,3,3,4,4,4,4,13,14,14,13,3,3,3,3,2,2,2,2,2,2,2,2,2,3,3,3,3,13,13,4,4,4,4,3,3,3,3,3,3,3,3,3,4,4,4,4,13,13,13,13,3,3,3,3,2,2,2,2,2,2,2,2,2,3,3,3,3,13,13,4,4,4,4,3,3,3,3,3,3,3,3,3,4,4,4,4,13,13,13,13,3,3,3,3,2,2,2,2,2,2,2,2,2,3,3,3,3,13,13,4,4,4,4,3,3,3,3,3,3,3,3,3,4,4,4,4,13,13,13,13,3,3,3,3,2,2,2,2,2,2,2,2,2,3,3,3,3,13,15,15,15,15,15,15,15,15,15,15,15,15,15,15,15,15,15,15,15,15
13,13,3,3,3,3,2,2,2,2,2,2,2,2,2,3,3,3,3,13,13,4,4,4,4,3,3,3,3,3,3,3,3,3,4,4,4,4,13,14,14,13,3,3,3,3,2,2,2,2,2,2,2,2,2,3,3,3,3,13,13,4,4,4,4,3,3,3,3,3,3,3,3,3,4,4,4,4,13,13,13,13,3,3,3,3,2,2,2,2,2,2,2,2,2,3,3,3,3,13,13,4,4,4,4,3,3,3,3,3,3,3,3,3,4,4,4,4,13,13,13,13,3,3,3,3,2,2,2,2,2,2,2,2,2,3,3,3,3,13,13,4,4,4,4,3,3,3,3,3,3,3,3,3,4,4,4,4,13,13,13,13,3,3,3,3,2,2,2,2,2,2,2,2,2,3,3,3,3,13,15,15,15,15,15,15,15,15,15,15,15,15,15,15,15,15,15,15,15,15
13,13,3,3,3,3,2,2,2,2,2,2,2,2,2,3,3,3,3,13,13,4,4,4,4,3,3,3,3,3,3,3,3,3,4,4,4,4,13,14,14,13,3,3,3,3,2,2,2,2,2,2,2,2,2,3,3,3,3,13,13,4,4,4,4,3,3,3,3,3,3,3,3,3,4,4,4,4,13,13,13,13,3,3,3,3,2,2,2,2,2,2,2,2,2,3,3,3,3,13,13,4,4,4,4,3,3,3,3,3,3,3,3,3,4,4,4,4,13,13,13,13,3,3,3,3,2,2,2,2,2,2,2,2,2,3,3,3,3,13,13,4,4,4,4,3,3,3,3,3,3,3,3,3,4,4,4,4,13,13,13,13,3,3,3,3,2,2,2,2,2,2,2,2,2,3,3,3,3,13,15,15,15,15,15,15,15,15,15,15,15,15,15,15,15,15,15,15,15,15
13,13,13,13,13,13,13,13,13,13,13,13,13,13,13,13,13,13,13,13,13,13,13,13,13,13,13,13,13,13,13,13,13,13,13,13,13,13,13,14,14,13,13,13,13,13,13,13,13,13,13,13,13,13,13,13,13,13,13,13,13,13,13,13,13,13,13,13,13,13,13,13,13,13,13,13,13,13,13,13,13,13,13,13,13,13,13,13,13,13,13,13,13,13,13,13,13,13,13,13,13,13,13,13,13,13,13,13,13,13,13,13,13,13,13,13,13,13,13,13,13,13,13,13,13,13,13,13,13,13,13,13,13,13,13,13,13,13,13,13,13,13,13,13,13,13,13,13,13,13,13,13,13,13,13,13,13,13,13,13,13,13,13,13,13,13,13,13,13,13,13,13,13,13,13,13,13,13,13,13,15,15,15,15,15,15,15,15,15,15,15,15,15,15,15,15,15,15,15,15
13,13,13,13,13,13,13,13,13,13,13,13,13,13,13,13,13,13,13,13,13,13,13,13,13,14,14,14,14,14,14,14,14,14,14,14,14,14,14,14,14,14,14,14,14,14,14,14,14,14,14,14,14,14,14,13,13,13,13,13,13,13,13,13,13,13,13,13,13,13,13,13,13,13,13,13,13,13,13,13,13,13,13,13,13,13,13,13,13,13,13,13,13,13,13,13,13,13,13,13,13,13,13,13,13,13,13,13,13,13,13,13,13,13,13,13,13,13,13,13,13,13,13,13,13,13,13,13,13,13,13,13,13,13,13,13,13,13,13,13,13,13,13,13,13,13,13,13,13,13,13,13,13,13,13,13,13,13,13,13,13,13,13,13,13,13,13,13,13,13,13,13,13,13,13,13,13,13,13,13,15,15,15,15,15,15,15,15,15,15,15,15,15,15,15,15,15,15,15,15
13,13,13,13,13,13,13,13,13,13,13,13,13,13,13,13,13,13,13,13,13,13,13,13,13,14,14,14,14,14,14,14,14,14,14,14,14,14,14,14,14,14,14,14,14,14,14,14,14,14,14,14,14,14,14,13,13,13,13,13,13,13,13,13,13,13,13,13,13,13,13,13,13,13,13,13,13,13,13,13,13,13,13,13,13,13,13,13,13,13,13,13,13,13,13,13,13,13,13,13,13,13,13,13,13,13,13,13,13,13,13,13,13,13,13,13,13,13,13,13,13,13,13,13,13,13,13,13,13,13,13,13,13,13,13,13,13,13,13,13,13,13,13,13,13,13,13,13,13,13,13,13,13,13,13,13,13,13,13,13,13,13,13,13,13,13,13,13,13,13,13,13,13,13,13,13,13,13,13,13,15,15,15,15,15,15,15,15,15,15,15,15,15,15,15,15,15,15,15,15
13,13,13,13,13,13,13,13,13,13,13,13,13,13,13,13,13,13,13,13,13,13,13,13,13,13,13,13,13,13,13,13,13,13,13,13,13,13,13,14,14,13,13,13,13,13,13,13,13,13,13,13,13,13,13,13,13,13,13,13,13,13,13,13,13,13,13,13,13,13,13,13,13,13,13,13,13,13,13,13,13,13,13,13,13,13,13,13,13,13,13,13,13,13,13,13,13,13,13,13,13,13,13,13,13,13,13,13,13,13,13,13,13,13,13,13,13,13,13,13,13,13,13,13,13,13,13,13,13,13,13,13,13,13,13,13,13,13,13,13,13,13,13,13,13,13,13,13,13,13,13,13,13,13,13,13,13,13,13,13,13,13,13,13,13,13,13,13,13,13,13,13,13,13,13,13,13,13,13,13,15,15,15,15,15,15,15,15,15,15,15,15,15,15,15,15,15,15,15,15
13,13,4,4,4,4,3,3,3,3,3,3,3,3,3,4,4,4,4,13,13,3,3,3,3,2,2,2,2,2,2,2,2,2,3,3,3,3,13,14,14,13,4,4,4,4,3,3,3,3,3,3,3,3,3,4,4,4,4,13,13,3,3,3,3,2,2,2,2,2,2,2,2,2,3,3,3,3,13,13,13,13,4,4,4,4,3,3,3,3,3,3,3,3,3,4,4,4,4,13,13,3,3,3,3,2,2,2,2,2,2,2,2,2,3,3,3,3,13,13,13,13,4,4,4,4,3,3,3,3,3,3,3,3,3,4,4,4,4,13,13,3,3,3,3,2,2,2,2,2,2,2,2,2,3,3,3,3,13,13,13,13,4,4,4,4,3,3,3,3,3,3,3,3,3,4,4,4,4,13,15,15,15,15,15,15,15,15,15,15,15,15,15,15,15,15,15,15,15,15
13,13,4,4,4,4,3,3,3,3,3,3,3,3,3,4,4,4,4,13,13,3,3,3,3,2,2,2,2,2,2,2,2,2,3,3,3,3,13,14,14,13,4,4,4,4,3,3,3,3,3,3,3,3,3,4,4,4,4,13,13,3,3,3,3,2,2,2,2,2,2,2,2,2,3,3,3,3,13,13,13,13,4,4,4,4,3,3,3,3,3,3,3,3,3,4,4,4,4,13,13,3,3,3,3,2,2,2,2,2,2,2,2,2,3,3,3,3,13,13,13,13,4,4,4,4,3,3,3,3,3,3,3,3,3,4,4,4,4,13,13,3,3,3,3,2,2,2,2,2,2,2,2,2,3,3,3,3,13,13,13,13,4,4,4,4,3,3,3,3,3,3,3,3,3,4,4,4,4,13,15,15,15,15,15,15,15,15,15,15,15,15,15,15,15,15,15,15,15,15
13,13,4,4,4,4,3,3,3,3,3,3,3,3,3,4,4,4,4,13,13,3,3,3,3,2,2,2,2,2,2,2,2,2,3,3,3,3,13,14,14,13,4,4,4,4,3,3,3,3,3,3,3,3,3,4,4,4,4,13,13,3,3,3,3,2,2,2,2,2,2,2,2,2,3,3,3,3,13,13,13,13,4,4,4,4,3,3,3,3,3,3,3,3,3,4,4,4,4,13,13,3,3,3,3,2,2,2,2,2,2,2,2,2,3,3,3,3,13,13,13,13,4,4,4,4,3,3,3,3,3,3,3,3,3,4,4,4,4,13,13,3,3,3,3,2,2,2,2,2,2,2,2,2,3,3,3,3,13,13,13,13,4,4,4,4,3,3,3,3,3,3,3,3,3,4,4,4,4,13,15,15,15,15,15,15,15,15,15,15,15,15,15,15,15,15,15,15,15,15
13,13,4,4,4,4,3,3,3,3,3,3,3,3,3,4,4,4,4,13,13,3,3,3,3,2,2,2,2,2,2,2,2,2,3,3,3,3,13,14,14,13,4,4,4,4,3,3,3,3,3,3,3,3,3,4,4,4,4,13,13,3,3,3,3,2,2,2,2,2,2,2,2,2,3,3,3,3,13,13,13,13,4,4,4,4,3,3,3,3,3,3,3,3,3,4,4,4,4,13,13,3,3,3,3,2,2,2,2,2,2,2,2,2,3,3,3,3,13,13,13,13,4,4,4,4,3,3,3,3,3,3,3,3,3,4,4,4,4,13,13,3,3,3,3,2,2,2,2,2,2,2,2,2,3,3,3,3,13,13,13,13,4,4,4,4,3,3,3,3,3,3,3,3,3,4,4,4,4,13,15,15,15,15,15,15,15,15,15,15,15,15,15,15,15,15,15,15,15,15
13,13,3,3,3,3,2,2,2,2,2,2,2,2,2,3,3,3,3,13,13,2,2,2,2,1,1,1,1,1,1,1,1,1,2,2,2,2,13,14,14,13,3,3,3,3,2,2,2,2,2,2,2,2,2,3,3,3,3,13,13,2,2,2,2,1,1,1,1,1,1,1,1,1,2,2,2,2,13,13,13,13,3,3,3,3,2,2,2,2,2,2,2,2,2,3,3,3,3,13,13,2,2,2,2,1,1,1,1,1,1,1,1,1,2,2,2,2,13,13,13,13,3,3,3,3,2,2,2,2,2,2,2,2,2,3,3,3,3,13,13,2,2,2,2,1,1,1,1,1,1,1,1,1,2,2,2,2,13,13,13,13,3,3,3,3,2,2,2,2,2,2,2,2,2,3,3,3,3,13,15,15,15,15,15,15,15,15,15,15,15,15,15,15,15,15,15,15,15,15
13,13,3,3,3,3,2,2,2,2,2,2,2,2,2,3,3,3,3,13,13,2,2,2,2,1,1,1,1,1,1,1,1,1,2,2,2,2,13,14,14,13,3,3,3,3,2,2,2,2,2,2,2,2,2,3,3,3,3,13,13,2,2,2,2,1,1,1,1,1,1,1,1,1,2,2,2,2,13,13,13,13,3,3,3,3,2,2,2,2,2,2,2,2,2,3,3,3,3,13,13,2,2,2,2,1,1,1,1,1,1,1,1,1,2,2,2,2,13,13,13,13,3,3,3,3,2,2,2,2,2,2,2,2,2,3,3,3,3,13,13,2,2,2,2,1,1,1,1,1,1,1,1,1,2,2,2,2,13,13,13,13,3,3,3,3,2,2,2,2,2,2,2,2,2,3,3,3,3,13,15,15,15,15,15,15,15,15,15,15,15,15,15,15,15,15,15,15,15,15
13,13,3,3,3,3,2,2,2,2,2,2,2,2,2,3,3,3,3,13,13,2,2,2,2,1,1,1,1,1,1,1,1,1,2,2,2,2,13,14,14,13,3,3,3,3,2,2,2,2,2,2,2,2,2,3,3,3,3,13,13,2,2,2,2,1,1,1,1,1,1,1,1,1,2,2,2,2,13,13,13,13,3,3,3,3,2,2,2,2,2,2,2,2,2,3,3,3,3,13,13,2,2,2,2,1,1,1,1,1,1,1,1,1,2,2,2,2,13,13,13,13,3,3,3,3,2,2,2,2,2,2,2,2,2,3,3,3,3,13,13,2,2,2,2,1,1,1,1,1,1,1,1,1,2,2,2,2,13,13,13,13,3,3,3,3,2,2,2,2,2,2,2,2,2,3,3,3,3,13,15,15,15,15,15,15,15,15,15,15,15,15,15,15,15,15,15,15,15,15
13,13,3,3,3,3,2,2,2,2,2,2,2,2,2,3,3,3,3,13,13,2,2,2,2,1,1,1,1,1,1,1,1,1,2,2,2,2,13,14,14,13,3,3,3,3,2,2,2,2,2,2,2,2,2,3,3,3,3,13,13,2,2,2,2,1,1,1,1,1,1,1,1,1,2,2,2,2,13,13,13,13,3,3,3,3,2,2,2,2,2,2,2,2,2,3,3,3,3,13,13,2,2,2,2,1,1,1,1,1,1,1,1,1,2,2,2,2,13,13,13,13,3,3,3,3,2,2,2,2,2,2,2,2,2,3,3,3,3,13,13,2,2,2,2,1,1,1,1,1,1,1,1,1,2,2,2,2,13,13,13,13,3,3,3,3,2,2,2,2,2,2,2,2,2,3,3,3,3,13,15,15,15,15,15,15,15,15,15,15,15,15,15,15,15,15,15,15,15,15
13,13,3,3,3,3,2,2,2,2,2,2,2,2,2,3,3,3,3,13,13,2,2,2,2,1,1,1,1,1,1,1,1,1,2,2,2,2,13,14,14,13,3,3,3,3,2,2,2,2,2,2,2,2,2,3,3,3,3,13,13,2,2,2,2,1,1,1,1,1,1,1,1,1,2,2,2,2,13,13,13,13,3,3,3,3,2,2,2,2,2,2,2,2,2,3,3,3,3,13,13,2,2,2,2,1,1,1,1,1,1,1,1,1,2,2,2,2,13,13,13,13,3,3,3,3,2,2,2,2,2,2,2,2,2,3,3,3,3,13,13,2,2,2,2,1,1,1,1,1,1,1,1,1,2,2,2,2,13,13,13,13,3,3,3,3,2,2,2,2,2,2,2,2,2,3,3,3,3,13,15,15,15,15,15,15,15,15,15,15,15,15,15,15,15,15,15,15,15,15
13,13,3,3,3,3,2,2,2,2,2,2,2,2,2,3,3,3,3,13,13,2,2,2,2,1,1,1,1,1,1,1,1,1,2,2,2,2,13,14,14,13,3,3,3,3,2,2,2,2,2,2,2,2,2,3,3,3,3,13,13,2,2,2,2,1,1,1,1,1,1,1,1,1,2,2,2,2,13,13,13,13,3,3,3,3,2,2,2,2,2,2,2,2,2,3,3,3,3,13,13,2,2,2,2,1,1,1,1,1,1,1,1,1,2,2,2,2,13,13,13,13,3,3,3,3,2,2,2,2,2,2,2,2,2,3,3,3,3,13,13,2,2,2,2,1,1,1,1,1,1,1,1,1,2,2,2,2,13,13,13,13,3,3,3,3,2,2,2,2,2,2,2,2,2,3,3,3,3,13,15,15,15,15,15,15,15,15,15,15,15,15,15,15,15,15,15,15,15,15
13,13,3,3,3,3,2,2,2,2,2,2,2,2,2,3,3,3,3,13,13,2,2,2,2,1,1,1,1,1,1,1,1,1,2,2,2,2,13,14,14,13,3,3,3,3,2,2,2,2,2,2,2,2,2,3,3,3,3,13,13,2,2,2,2,1,1,1,1,1,1,1,1,1,2,2,2,2,13,13,13,13,3,3,3,3,2,2,2,2,2,2,2,2,2,3,3,3,3,13,13,2,2,2,2,1,1,1,1,1,1,1,1,1,2,2,2,2,13,13,13,13,3,3,3,3,2,2,2,2,2,2,2,2,2,3,3,3,3,13,13,2,2,2,2,1,1,1,1,1,1,1,1,1,2,2,2,2,13,13,13,13,3,3,3,3,2,2,2,2,2,2,2,2,2,3,3,3,3,13,15,15,15,15,15,15,15,15,15,15,15,15,15,15,15,15,15,15,15,15
13,13,3,3,3,3,2,2,2,2,2,2,2,2,2,3,3,3,3,13,13,2,2,2,2,1,1,1,1,1,1,1,1,1,2,2,2,2,13,14,14,13,3,3,3,3,2,2,2,2,2,2,2,2,2,3,3,3,3,13,13,2,2,2,2,1,1,1,1,1,1,1,1,1,2,2,2,2,13,13,13,13,3,3,3,3,2,2,2,2,2,2,2,2,2,3,3,3,3,13,13,2,2,2,2,1,1,1,1,1,1,1,1,1,2,2,2,2,13,13,13,13,3,3,3,3,2,2,2,2,2,2,2,2,2,3,3,3,3,13,13,2,2,2,2,1,1,1,1,1,1,1,1,1,2,2,2,2,13,13,13,13,3,3,3,3,2,2,2,2,2,2,2,2,2,3,3,3,3,13,15,15,15,15,15,15,15,15,15,15,15,15,15,15,15,15,15,15,15,15
13,13,3,3,3,3,2,2,2,2,2,2,2,2,2,3,3,3,3,13,13,2,2,2,2,1,1,1,1,1,1,1,1,1,2,2,2,2,13,14,14,13,3,3,3,3,2,2,2,2,2,2,2,2,2,3,3,3,3,13,13,2,2,2,2,1,1,1,1,1,1,1,1,1,2,2,2,2,13,13,13,13,3,3,3,3,2,2,2,2,2,2,2,2,2,3,3,3,3,13,13,2,2,2,2,1,1,1,1,1,1,1,1,1,2,2,2,2,13,13,13,13,3,3,3,3,2,2,2,2,2,2,2,2,2,3,3,3,3,13,13,2,2,2,2,1,1,1,1,1,1,1,1,1,2,2,2,2,13,13,13,13,3,3,3,3,2,2,2,2,2,2,2,2,2,3,3,3,3,13,15,15,15,15,15,15,15,15,15,15,15,15,15,15,15,15,15,15,15,15
13,13,4,4,4,4,3,3,3,3,3,3,3,3,3,4,4,4,4,13,13,3,3,3,3,2,2,2,2,2,2,2,2,2,3,3,3,3,13,13,13,13,4,4,4,4,3,3,3,3,3,3,3,3,3,4,4,4,4,13,13,3,3,3,3,2,2,2,2,2,2,2,2,2,3,3,3,3,13,13,13,13,4,4,4,4,3,3,3,3,3,3,3,3,3,4,4,4,4,13,13,3,3,3,3,2,2,2,2,2,2,2,2,2,3,3,3,3,13,13,13,13,4,4,4,4,3,3,3,3,3,3,3,3,3,4,4,4,4,13,13,3,3,3,3,2,2,2,2,2,2,2,2,2,3,3,3,3,13,13,13,13,4,4,4,4,3,3,3,3,3,3,3,3,3,4,4,4,4,13,15,15,15,15,15,15,15,15,15,15,15,15,15,15,15,15,15,15,15,15
13,13,4,4,4,4,3,3,3,3,3,3,3,3,3,4,4,4,4,13,13,3,3,3,3,2,2,2,2,2,2,2,2,2,3,3,3,3,13,13,13,13,4,4,4,4,3,3,3,3,3,3,3,3,3,4,4,4,4,13,13,3,3,3,3,2,2,2,2,2,2,2,2,2,3,3,3,3,13,13,13,13,4,4,4,4,3,3,3,3,3,3,3,3,3,4,4,4,4,13,13,3,3,3,3,2,2,2,2,2,2,2,2,2,3,3,3,3,13,13,13,13,4,4,4,4,3,3,3,3,3,3,3,3,3,4,4,4,4,13,13,3,3,3,3,2,2,2,2,2,2,2,2,2,3,3,3,3,13,13,13,13,4,4,4,4,3,3,3,3,3,3,3,3,3,4,4,4,4,13,15,15,15,15,15,15,15,15,15,15,15,15,15,15,15,15,15,15,15,15
13,13,4,4,4,4,3,3,3,3,3,3,3,3,3,4,4,4,4,13,13,3,3,3,3,2,2,2,2,2,2,2,2,2,3,3,3,3,13,13,13,13,4,4,4,4,3,3,3,3,3,3,3,3,3,4,4,4,4,13,13,3,3,3,3,2,2,2,2,2,2,2,2,2,3,3,3,3,13,13,13,13,4,4,4,4,3,3,3,3,3,3,3,3,3,4,4,4,4,13,13,3,3,3,3,2,2,2,2,2,2,2,2,2,3,3,3,3,13,13,13,13,4,4,4,4,3,3,3,3,3,3,3,3,3,4,4,4,4,13,13,3,3,3,3,2,2,2,2,2,2,2,2,2,3,3,3,3,13,13,13,13,4,4,4,4,3,3,3,3,3,3,3,3,3,4,4,4,4,13,15,15,15,15,15,15,15,15,15,15,15,15,15,15,15,15,15,15,15,15
13,13,4,4,4,4,3,3,3,3,3,3,3,3,3,4,4,4,4,13,13,3,3,3,3,2,2,2,2,2,2,2,2,2,3,3,3,3,13,13,13,13,4,4,4,4,3,3,3,3,3,3,3,3,3,4,4,4,4,13,13,3,3,3,3,2,2,2,2,2,2,2,2,2,3,3,3,3,13,13,13,13,4,4,4,4,3,3,3,3,3,3,3,3,3,4,4,4,4,13,13,3,3,3,3,2,2,2,2,2,2,2,2,2,3,3,3,3,13,13,13,13,4,4,4,4,3,3,3,3,3,3,3,3,3,4,4,4,4,13,13,3,3,3,3,2,2,2,2,2,2,2,2,2,3,3,3,3,13,13,13,13,4,4,4,4,3,3,3,3,3,3,3,3,3,4,4,4,4,13,15,15,15,15,15,15,15,15,15,15,15,15,15,15,15,15,15,15,15,15
13,13,13,13,13,13,13,13,13,13,13,13,13,13,13,13,13,13,13,13,13,13,13,13,13,13,13,13,13,13,13,13,13,13,13,13,13,13,13,13,13,13,13,13,13,13,13,13,13,13,13,13,13,13,13,13,13,13,13,13,13,13,13,13,13,13,13,13,13,13,13,13,13,13,13,13,13,13,13,13,13,13,13,13,13,13,13,13,13,13,13,13,13,13,13,13,13,13,13,13,13,13,13,13,13,13,13,13,13,13,13,13,13,13,13,13,13,13,13,13,13,13,13,13,13,13,13,13,13,13,13,13,13,13,13,13,13,13,13,13,13,13,13,13,13,13,13,13,13,13,13,13,13,13,13,13,13,13,13,13,13,13,13,13,13,13,13,13,13,13,13,13,13,13,13,13,13,13,13,13,15,15,15,15,15,15,15,15,15,15,15,15,15,15,15,15,15,15,15,15
13,13,13,13,13,13,13,13,13,13,13,13,13,13,13,13,13,13,13,13,13,13,13,13,13,13,13,13,13,13,13,13,13,13,13,13,13,13,13,13,13,13,13,13,13,13,13,13,13,13,13,13,13,13,13,13,13,13,13,13,13,13,13,13,13,13,13,13,13,13,13,13,13,13,13,13,13,13,13,13,13,13,13,13,13,13,13,13,13,13,13,13,13,13,13,13,13,13,13,13,13,13,13,13,13,13,13,13,13,13,13,13,13,13,13,13,13,13,13,13,13,13,13,13,13,13,13,13,13,13,13,13,13,13,13,13,13,13,13,13,13,13,13,13,13,13,13,13,13,13,13,13,13,13,13,13,13,13,13,13,13,13,13,13,13,13,13,13,13,13,13,13,13,13,13,13,13,13,13,13,15,15,15,15,15,15,15,15,15,15,15,15,15,15,15,15,15,15,15,15
13,13,3,3,3,3,2,2,2,2,2,2,2,2,2,3,3,3,3,13,13,4,4,4,4,3,3,3,3,3,3,3,3,3,4,4,4,4,13,13,13,13,3,3,3,3,2,2,2,2,2,2,2,2,2,3,3,3,3,13,13,4,4,4,4,3,3,3,3,3,3,3,3,3,4,4,4,4,13,13,13,13,3,3,3,3,2,2,2,2,2,2,2,2,2,3,3,3,3,13,13,4,4,4,4,3,3,3,3,3,3,3,3,3,4,4,4,4,13,13,13,13,3,3,3,3,2,2,2,2,2,2,2,2,2,3,3,3,3,13,13,4,4,4,4,3,3,3,3,3,3,3,3,3,4,4,4,4,13,13,13,13,3,3,3,3,2,2,2,2,2,2,2,2,2,3,3,3,3,13,15,15,15,15,15,15,15,15,15,15,15,15,15,15,15,15,15,15,15,15
13,13,3,3,3,3,2,2,2,2,2,2,2,2,2,3,3,3,3,13,13,4,4,4,4,3,3,3,3,3,3,3,3,3,4,4,4,4,13,13,13,13,3,3,3,3,2,2,2,2,2,2,2,2,2,3,3,3,3,13,13,4,4,4,4,3,3,3,3,3,3,3,3,3,4,4,4,4,13,13,13,13,3,3,3,3,2,2,2,2,2,2,2,2,2,3,3,3,3,13,13,4,4,4,4,3,3,3,3,3,3,3,3,3,4,4,4,4,13,13,13,13,3,3,3,3,2,2,2,2,2,2,2,2,2,3,3,3,3,13,13,4,4,4,4,3,3,3,3,3,3,3,3,3,4,4,4,4,13,13,13,13,3,3,3,3,2,2,2,2,2,2,2,2,2,3,3,3,3,13,15,15,15,15,15,15,15,15,15,15,15,15,15,15,15,15,15,15,15,15
13,13,3,3,3,3,2,2,2,2,2,2,2,2,2,3,3,3,3,13,13,4,4,4,4,3,3,3,3,3,3,3,3,3,4,4,4,4,13,13,13,13,3,3,3,3,2,2,2,2,2,2,2,2,2,3,3,3,3,13,13,4,4,4,4,3,3,3,3,3,3,3,3,3,4,4,4,4,13,13,13,13,3,3,3,3,2,2,2,2,2,2,2,2,2,3,3,3,3,13,13,4,4,4,4,3,3,3,3,3,3,3,3,3,4,4,4,4,13,13,13,13,3,3,3,3,2,2,2,2,2,2,2,2,2,3,3,3,3,13,13,4,4,4,4,3,3,3,3,3,3,3,3,3,4,4,4,4,13,13,13,13,3,3,3,3,2,2,2,2,2,2,2,2,2,3,3,3,3,13,15,15,15,15,15,15,15,15,15,15,15,15,15,15,15,15,15,15,15,15
13,13,3,3,3,3,2,2,2,2,2,2,2,2,2,3,3,3,3,13,13,4,4,4,4,3,3,3,3,3,3,3,3,3,4,4,4,4,13,13,13,13,3,3,3,3,2,2,2,2,2,2,2,2,2,3,3,3,3,13,13,4,4,4,4,3,3,3,3,3,3,3,3,3,4,4,4,4,13,13,13,13,3,3,3,3,2,2,2,2,2,2,2,2,2,3,3,3,3,13,13,4,4,4,4,3,3,3,3,3,3,3,3,3,4,4,4,4,13,13,13,13,3,3,3,3,2,2,2,2,2,2,2,2,2,3,3,3,3,13,13,4,4,4,4,3,3,3,3,3,3,3,3,3,4,4,4,4,13,13,13,13,3,3,3,3,2,2,2,2,2,2,2,2,2,3,3,3,3,13,15,15,15,15,15,15,15,15,15,15,15,15,15,15,15,15,15,15,15,15
14,13,2,2,2,2,1,1,1,1,1,1,1,1,1,2,2,2,2,13,13,3,3,3,3,2,2,2,2,2,2,2,2,2,3,3,3,3,13,13,13,13,2,2,2,2,1,1,1,1,1,1,1,1,1,2,2,2,2,13,13,3,3,3,3,2,2,2,2,2,2,2,2,2,3,3,3,3,13,14,14,13,2,2,2,2,1,1,1,1,1,1,1,1,1,2,2,2,2,13,13,3,3,3,3,2,2,2,2,2,2,2,2,2,3,3,3,3,13,13,13,13,2,2,2,2,1,1,1,1,1,1,1,1,1,2,2,2,2,13,13,3,3,3,3,2,2,2,2,2,2,2,2,2,3,3,3,3,13,13,13,13,2,2,2,2,1,1,1,1,1,1,1,1,1,2,2,2,2,13,15,15,15,15,15,15,15,15,15,15,15,15,15,15,15,15,15,15,15,15
14,13,2,2,2,2,1,1,1,1,1,1,1,1,1,2,2,2,2,13,13,3,3,3,3,2,2,2,2,2,2,2,2,2,3,3,3,3,13,13,13,13,2,2,2,2,1,1,1,1,1,1,1,1,1,2,2,2,2,13,13,3,3,3,3,2,2,2,2,2,2,2,2,2,3,3,3,3,13,14,14,13,2,2,2,2,1,1,1,1,1,1,1,1,1,2,2,2,2,13,13,3,3,3,3,2,2,2,2,2,2,2,2,2,3,3,3,3,13,13,13,13,2,2,2,2,1,1,1,1,1,1,1,1,1,2,2,2,2,13,13,3,3,3,3,2,2,2,2,2,2,2,2,2,3,3,3,3,13,13,13,13,2,2,2,2,1,1,1,1,1,1,1,1,1,2,2,2,2,13,15,15,15,15,15,15,15,15,15,15,15,15,15,15,15,15,15,15,15,15
14,13,2,2,2,2,1,1,1,1,1,1,1,1,1,2,2,2,2,13,13,3,3,3,3,2,2,2,2,2,2,2,2,2,3,3,3,3,13,13,13,13,2,2,2,2,1,1,1,1,1,1,1,1,1,2,2,2,2,13,13,3,3,3,3,2,2,2,2,2,2,2,2,2,3,3,3,3,13,14,14,13,2,2,2,2,1,1,1,1,1,1,1,1,1,2,2,2,2,13,13,3,3,3,3,2,2,2,2,2,2,2,2,2,3,3,3,3,13,13,13,13,2,2,2,2,1,1,1,1,1,1,1,1,1,2,2,2,2,13,13,3,3,3,3,2,2,2,2,2,2,2,2,2,3,3,3,3,13,13,13,13,2,2,2,2,1,1,1,1,1,1,1,1,1,2,2,2,2,13,15,15,15,15,15,15,15,15,15,15,15,15,15,15,15,15,15,15,15,15
14,13,2,2,2,2,1,1,1,1,1,1,1,1,1,2,2,2,2,13,13,3,3,3,3,2,2,2,2,2,2,2,2,2,3,3,3,3,13,13,13,13,2,2,2,2,1,1,1,1,1,1,1,1,1,2,2,2,2,13,13,3,3,3,3,2,2,2,2,2,2,2,2,2,3,3,3,3,13,14,14,13,2,2,2,2,1,1,1,1,1,1,1,1,1,2,2,2,2,13,13,3,3,3,3,2,2,2,2,2,2,2,2,2,3,3,3,3,13,13,13,13,2,2,2,2,1,1,1,1,1,1,1,1,1,2,2,2,2,13,13,3,3,3,3,2,2,2,2,2,2,2,2,2,3,3,3,3,13,13,13,13,2,2,2,2,1,1,1,1,1,1,1,1,1,2,2,2,2,13,15,15,15,15,15,15,15,15,15,15,15,15,15,15,15,15,15,15,15,15
14,13,2,2,2,2,1,1,1,1,1,1,1,1,1,2,2,2,2,13,13,3,3,3,3,2,2,2,2,2,2,2,2,2,3,3,3,3,13,13,13,13,2,2,2,2,1,1,1,1,1,1,1,1,1,2,2,2,2,13,13,3,3,3,3,2,2,2,2,2,2,2,2,2,3,3,3,3,13,14,14,13,2,2,2,2,1,1,1,1,1,1,1,1,1,2,2,2,2,13,13,3,3,3,3,2,2,2,2,2,2,2,2,2,3,3,3,3,13,13,13,13,2,2,2,2,1,1,1,1,1,1,1,1,1,2,2,2,2,13,13,3,3,3,3,2,2,2,2,2,2,2,2,2,3,3,3,3,13,13,13,13,2,2,2,2,1,1,1,1,1,1,1,1,1,2,2,2,2,13,15,15,15,15,15,15,15,15,15,15,15,15,15,15,15,15,15,15,15,15
14,13,2,2,2,2,1,1,1,1,1,1,1,1,1,2,2,2,2,13,13,3,3,3,3,2,2,2,2,2,2,2,2,2,3,3,3,3,13,13,13,13,2,2,2,2,1,1,1,1,1,1,1,1,1,2,2,2,2,13,13,3,3,3,3,2,2,2,2,2,2,2,2,2,3,3,3,3,13,14,14,13,2,2,2,2,1,1,1,1,1,1,1,1,1,2,2,2,2,13,13,3,3,3,3,2,2,2,2,2,2,2,2,2,3,3,3,3,13,13,13,13,2,2,2,2,1,1,1,1,1,1,1,1,1,2,2,2,2,13,13,3,3,3,3,2,2,2,2,2,2,2,2,2,3,3,3,3,13,13,13,13,2,2,2,2,1,1,1,1,1,1,1,1,1,2,2,2,2,13,15,15,15,15,15,15,15,15,15,15,15,15,15,15,15,15,15,15,15,15
14,13,2,2,2,2,1,1,1,1,1,1,1,1,1,2,2,2,2,13,13,3,3,3,3,2,2,2,2,2,2,2,2,2,3,3,3,3,13,13,13,13,2,2,2,2,1,1,1,1,1,1,1,1,1,2,2,2,2,13,13,3,3,3,3,2,2,2,2,2,2,2,2,2,3,3,3,3,13,14,14,13,2,2,2,2,1,1,1,1,1,1,1,1,1,2,2,2,2,13,13,3,3,3,3,2,2,2,2,2,2,2,2,2,3,3,3,3,13,13,13,13,2,2,2,2,1,1,1,1,1,1,1,1,1,2,2,2,2,13,13,3,3,3,3,2,2,2,2,2,2,2,2,2,3,3,3,3,13,13,13,13,2,2,2,2,1,1,1,1,1,1,1,1,1,2,2,2,2,13,15,15,15,15,15,15,15,15,15,15,15,15,15,15,15,15,15,15,15,15
14,13,2,2,2,2,1,1,1,1,1,1,1,1,1,2,2,2,2,13,13,3,3,3,3,2,2,2,2,2,2,2,2,2,3,3,3,3,13,13,13,13,2,2,2,2,1,1,1,1,1,1,1,1,1,2,2,2,2,13,13,3,3,3,3,2,2,2,2,2,2,2,2,2,3,3,3,3,13,14,14,13,2,2,2,2,1,1,1,1,1,1,1,1,1,2,2,2,2,13,13,3,3,3,3,2,2,2,2,2,2,2,2,2,3,3,3,3,13,13,13,13,2,2,2,2,1,1,1,1,1,1,1,1,1,2,2,2,2,13,13,3,3,3,3,2,2,2,2,2,2,2,2,2,3,3,3,3,13,13,13,13,2,2,2,2,1,1,1,1,1,1,1,1,1,2,2,2,2,13,15,15,15,15,15,15,15,15,15,15,15,15,15,15,15,15,15,15,15,15
14,13,2,2,2,2,1,1,1,1,1,1,1,1,1,2,2,2,2,13,13,3,3,3,3,2,2,2,2,2,2,2,2,2,3,3,3,3,13,13,13,13,2,2,2,2,1,1,1,1,1,1,1,1,1,2,2,2,2,13,13,3,3,3,3,2,2,2,2,2,2,2,2,2,3,3,3,3,13,14,14,13,2,2,2,2,1,1,1,1,1,1,1,1,1,2,2,2,2,13,13,3,3,3,3,2,2,2,2,2,2,2,2,2,3,3,3,3,13,13,13,13,2,2,2,2,1,1,1,1,1,1,1,1,1,2,2,2,2,13,13,3,3,3,3,2,2,2,2,2,2,2,2,2,3,3,3,3,13,13,13,13,2,2,2,2,1,1,1,1,1,1,1,1,1,2,2,2,2,13,15,15,15,15,15,15,15,15,15,15,15,15,15,15,15,15,15,15,15,15
14,13,3,3,3,3,2,2,2,2,2,2,2,2,2,3,3,3,3,13,13,4,4,4,4,3,3,3,3,3,3,3,3,3,4,4,4,4,13,13,13,13,3,3,3,3,2,2,2,2,2,2,2,2,2,3,3,3,3,13,13,4,4,4,4,3,3,3,3,3,3,3,3,3,4,4,4,4,13,14,14,13,3,3,3,3,2,2,2,2,2,2,2,2,2,3,3,3,3,13,13,4,4,4,4,3,3,3,3,3,3,3,3,3,4,4,4,4,13,13,13,13,3,3,3,3,2,2,2,2,2,2,2,2,2,3,3,3,3,13,13,4,4,4,4,3,3,3,3,3,3,3,3,3,4,4,4,4,13,13,13,13,3,3,3,3,2,2,2,2,2,2,2,2,2,3,3,3,3,13,15,15,15,15,15,15,15,15,15,15,15,15,15,15,15,15,15,15,15,15
14,13,3,3,3,3,2,2,2,2,2,2,2,2,2,3,3,3,3,13,13,4,4,4,4,3,3,3,3,3,3,3,3,3,4,4,4,4,13,13,13,13,3,3,3,3,2,2,2,2,2,2,2,2,2,3,3,3,3,13,13,4,4,4,4,3,3,3,3,3,3,3,3,3,4,4,4,4,13,14,14,13,3,3,3,3,2,2,2,2,2,2,2,2,2,3,3,3,3,13,13,4,4,4,4,3,3,3,3,3,3,3,3,3,4,4,4,4,13,13,13,13,3,3,3,3,2,2,2,2,2,2,2,2,2,3,3,3,3,13,13,4,4,4,4,3,3,3,3,3,3,3,3,3,4,4,4,4,13,13,13,13,3,3,3,3,2,2,2,2,2,2,2,2,2,3,3,3,3,13,15,15,15,15,15,15,15,15,15,15,15,15,15,15,15,15,15,15,15,15
14,13,3,3,3,3,2,2,2,2,2,2,2,2,2,3,3,3,3,13,13,4,4,4,4,3,3,3,3,3,3,3,3,3,4,4,4,4,13,13,13,13,3,3,3,3,2,2,2,2,2,2,2,2,2,3,3,3,3,13,13,4,4,4,4,3,3,3,3,3,3,3,3,3,4,4,4,4,13,14,14,13,3,3,3,3,2,2,2,2,2,2,2,2,2,3,3,3,3,13,13,4,4,4,4,3,3,3,3,3,3,3,3,3,4,4,4,4,13,13,13,13,3,3,3,3,2,2,2,2,2,2,2,2,2,3,3,3,3,13,13,4,4,4,4,3,3,3,3,3,3,3,3,3,4,4,4,4,13,13,13,13,3,3,3,3,2,2,2,2,2,2,2,2,2,3,3,3,3,13,15,15,15,15,15,15,15,15,15,15,15,15,15,15,15,15,15,15,15,15
14,13,3,3,3,3,2,2,2,2,2,2,2,2,2,3,3,3,3,13,13,4,4,4,4,3,3,3,3,3,3,3,3,3,4,4,4,4,13,13,13,13,3,3,3,3,2,2,2,2,2,2,2,2,2,3,3,3,3,13,13,4,4,4,4,3,3,3,3,3,3,3,3,3,4,4,4,4,13,14,14,13,3,3,3,3,2,2,2,2,2,2,2,2,2,3,3,3,3,13,13,4,4,4,4,3,3,3,3,3,3,3,3,3,4,4,4,4,13,13,13,13,3,3,3,3,2,2,2,2,2,2,2,2,2,3,3,3,3,13,13,4,4,4,4,3,3,3,3,3,3,3,3,3,4,4,4,4,13,13,13,13,3,3,3,3,2,2,2,2,2,2,2,2,2,3,3,3,3,13,15,15,15,15,15,15,15,15,15,15,15,15,15,15,15,15,15,15,15,15
14,13,13,13,13,13,13,13,13,13,13,13,13,13,13,13,13,13,13,13,13,13,13,13,13,13,13,13,13,13,13,13,13,13,13,13,13,13,13,13,13,13,13,13,13,13,13,13,13,13,13,13,13,13,13,13,13,13,13,13,13,13,13,13,13,13,13,13,13,13,13,13,13,13,13,13,13,13,13,14,14,13,13,13,13,13,13,13,13,13,13,13,13,13,13,13,13,13,13,13,13,13,13,13,13,13,13,13,13,13,13,13,13,13,13,13,13,13,13,13,13,13,13,13,13,13,13,13,13,13,13,13,13,13,13,13,13,13,13,13,13,13,13,13,13,13,13,13,13,13,13,13,13,13,13,13,13,13,13,13,13,13,13,13,13,13,13,13,13,13,13,13,13,13,13,13,13,13,13,13,15,15,15,15,15,15,15,15,15,15,15,15,15,15,15,15,15,15,15,15
14,14,14,14,14,14,14,14,14,14,14,14,14,14,14,13,13,13,13,13,13,13,13,13,13,13,13,13,13,13,13,13,13,13,13,13,13,13,13,13,13,13,13,13,13,13,13,13,13,13,13,13,13,13,13,13,13,13,13,13,13,13,13,13,13,14,14,14,14,14,14,14,14,14,14,14,14,14,14,14,14,14,14,14,14,14,14,14,14,14,14,14,14,14,14,13,13,13,13,13,13,13,13,13,13,13,13,13,13,13,13,13,13,13,13,13,13,13,13,13,13,13,13,13,13,13,13,13,13,13,13,13,13,13,13,13,13,13,13,13,13,13,13,13,13,13,13,13,13,13,13,13,13,13,13,13,13,13,13,13,13,13,13,13,13,13,13,13,13,13,13,13,13,13,13,13,13,13,13,13,15,15,15,15,15,15,15,15,15,15,15,15,15,15,15,15,15,15,15,15
14,14,14,14,14,14,14,14,14,14,14,14,14,14,14,13,13,13,13,13,13,13,13,13,13,13,13,13,13,13,13,13,13,13,13,13,13,13,13,13,13,13,13,13,13,13,13,13,13,13,13,13,13,13,13,13,13,13,13,13,13,13,13,13,13,14,14,14,14,14,14,14,14,14,14,14,14,14,14,14,14,14,14,14,14,14,14,14,14,14,14,14,14,14,14,13,13,13,13,13,13,13,13,13,13,13,13,13,13,13,13,13,13,13,13,13,13,13,13,13,13,13,13,13,13,13,13,13,13,13,13,13,13,13,13,13,13,13,13,13,13,13,13,13,13,13,13,13,13,13,13,13,13,13,13,13,13,13,13,13,13,13,13,13,13,13,13,13,13,13,13,13,13,13,13,13,13,13,13,13,15,15,15,15,15,15,15,15,15,15,15,15,15,15,15,15,15,15,15,15
14,13,13,13,13,13,13,13,13,13,13,13,13,13,13,13,13,13,13,13,13,13,13,13,13,13,13,13,13,13,13,13,13,13,13,13,13,13,13,13,13,13,13,13,13,13,13,13,13,13,13,13,13,13,13,13,13,13,13,13,13,13,13,13,13,13,13,13,13,13,13,13,13,13,13,13,13,13,13,14,14,13,13,13,13,13,13,13,13,13,13,13,13,13,13,13,13,13,13,13,13,13,13,13,13,13,13,13,13,13,13,13,13,13,13,13,13,13,13,13,13,13,13,13,13,13,13,13,13,13,13,13,13,13,13,13,13,13,13,13,13,13,13,13,13,13,13,13,13,13,13,13,13,13,13,13,13,13,13,13,13,13,13,13,13,13,13,13,13,13,13,13,13,13,13,13,13,13,13,13,15,15,15,15,15,15,15,15,15,15,15,15,15,15,15,15,15,15,15,15
14,13,4,4,4,4,3,3,3,3,3,3,3,3,3,4,4,4,4,13,13,3,3,3,3,2,2,2,2,2,2,2,2,2,3,3,3,3,13,13,13,13,4,4,4,4,3,3,3,3,3,3,3,3,3,4,4,4,4,13,13,3,3,3,3,2,2,2,2,2,2,2,2,2,3,3,3,3,13,14,14,13,4,4,4,4,3,3,3,3,3,3,3,3,3,4,4,4,4,13,13,3,3,3,3,2,2,2,2,2,2,2,2,2,3,3,3,3,13,13,13,13,4,4,4,4,3,3,3,3,3,3,3,3,3,4,4,4,4,13,13,3,3,3,3,2,2,2,2,2,2,2,2,2,3,3,3,3,13,13,13,13,4,4,4,4,3,3,3,3,3,3,3,3,3,4,4,4,4,13,15,15,15,15,15,15,15,15,15,15,15,15,15,15,15,15,15,15,15,15
14,13,4,4,4,4,3,3,3,3,3,3,3,3,3,4,4,4,4,13,13,3,3,3,3,2,2,2,2,2,2,2,2,2,3,3,3,3,13,13,13,13,4,4,4,4,3,3,3,3,3,3,3,3,3,4,4,4,4,13,13,3,3,3,3,2,2,2,2,2,2,2,2,2,3,3,3,3,13,14,14,13,4,4,4,4,3,3,3,3,3,3,3,3,3,4,4,4,4,13,13,3,3,3,3,2,2,2,2,2,2,2,2,2,3,3,3,3,13,13,13,13,4,4,4,4,3,3,3,3,3,3,3,3,3,4,4,4,4,13,13,3,3,3,3,2,2,2,2,2,2,2,2,2,3,3,3,3,13,13,13,13,4,4,4,4,3,3,3,3,3,3,3,3,3,4,4,4,4,13,15,15,15,15,15,15,15,15,15,15,15,15,15,15,15,15,15,15,15,15
14,13,4,4,4,4,3,3,3,3,3,3,3,3,3,4,4,4,4,13,13,3,3,3,3,2,2,2,2,2,2,2,2,2,3,3,3,3,13,13,13,13,4,4,4,4,3,3,3,3,3,3,3,3,3,4,4,4,4,13,13,3,3,3,3,2,2,2,2,2,2,2,2,2,3,3,3,3,13,14,14,13,4,4,4,4,3,3,3,3,3,3,3,3,3,4,4,4,4,13,13,3,3,3,3,2,2,2,2,2,2,2,2,2,3,3,3,3,13,13,13,13,4,4,4,4,3,3,3,3,3,3,3,3,3,4,4,4,4,13,13,3,3,3,3,2,2,2,2,2,2,2,2,2,3,3,3,3,13,13,13,13,4,4,4,4,3,3,3,3,3,3,3,3,3,4,4,4,4,13,15,15,15,15,15,15,15,15,15,15,15,15,15,15,15,15,15,15,15,15
14,13,4,4,4,4,3,3,3,3,3,3,3,3,3,4,4,4,4,13,13,3,3,3,3,2,2,2,2,2,2,2,2,2,3,3,3,3,13,13,13,13,4,4,4,4,3,3,3,3,3,3,3,3,3,4,4,4,4,13,13,3,3,3,3,2,2,2,2,2,2,2,2,2,3,3,3,3,13,14,14,13,4,4,4,4,3,3,3,3,3,3,3,3,3,4,4,4,4,13,13,3,3,3,3,2,2,2,2,2,2,2,2,2,3,3,3,3,13,13,13,13,4,4,4,4,3,3,3,3,3,3,3,3,3,4,4,4,4,13,13,3,3,3,3,2,2,2,2,2,2,2,2,2,3,3,3,3,13,13,13,13,4,4,4,4,3,3,3,3,3,3,3,3,3,4,4,4,4,13,15,15,15,15,15,15,15,15,15,15,15,15,15,15,15,15,15,15,15,15
14,13,3,3,3,3,2,2,2,2,2,2,2,2,2,3,3,3,3,13,13,2,2,2,2,1,1,1,1,1,1,1,1,1,2,2,2,2,13,13,13,13,3,3,3,3,2,2,2,2,2,2,2,2,2,3,3,3,3,13,13,2,2,2,2,1,1,1,1,1,1,1,1,1,2,2,2,2,13,14,14,13,3,3,3,3,2,2,2,2,2,2,2,2,2,3,3,3,3,13,13,2,2,2,2,1,1,1,1,1,1,1,1,1,2,2,2,2,13,13,13,13,3,3,3,3,2,2,2,2,2,2,2,2,2,3,3,3,3,13,13,2,2,2,2,1,1,1,1,1,1,1,1,1,2,2,2,2,13,13,13,13,3,3,3,3,2,2,2,2,2,2,2,2,2,3,3,3,3,13,15,15,15,15,15,15,15,15,15,15,15,15,15,15,15,15,15,15,15,15
14,13,3,3,3,3,2,2,2,2,2,2,2,2,2,3,3,3,3,13,13,2,2,2,2,1,1,1,1,1,1,1,1,1,2,2,2,2,13,13,13,13,3,3,3,3,2,2,2,2,2,2,2,2,2,3,3,3,3,13,13,2,2,2,2,1,1,1,1,1,1,1,1,1,2,2,2,2,13,14,14,13,3,3,3,3,2,2,2,2,2,2,2,2,2,3,3,3,3,13,13,2,2,2,2,1,1,1,1,1,1,1,1,1,2,2,2,2,13,13,13,13,3,3,3,3,2,2,2,2,2,2,2,2,2,3,3,3,3,13,13,2,2,2,2,1,1,1,1,1,1,1,1,1,2,2,2,2,13,13,13,13,3,3,3,3,2,2,2,2,2,2,2,2,2,3,3,3,3,13,15,15,15,15,15,15,15,15,15,15,15,15,15,15,15,15,15,15,15,15
14,13,3,3,3,3,2,2,2,2,2,2,2,2,2,3,3,3,3,13,13,2,2,2,2,1,1,1,1,1,1,1,1,1,2,2,2,2,13,13,13,13,3,3,3,3,2,2,2,2,2,2,2,2,2,3,3,3,3,13,13,2,2,2,2,1,1,1,1,1,1,1,1,1,2,2,2,2,13,14,14,13,3,3,3,3,2,2,2,2,2,2,2,2,2,3,3,3,3,13,13,2,2,2,2,1,1,1,1,1,1,1,1,1,2,2,2,2,13,13,13,13,3,3,3,3,2,2,2,2,2,2,2,2,2,3,3,3,3,13,13,2,2,2,2,1,1,1,1,1,1,1,1,1,2,2,2,2,13,13,13,13,3,3,3,3,2,2,2,2,2,2,2,2,2,3,3,3,3,13,15,15,15,15,15,15,15,15,15,15,15,15,15,15,15,15,15,15,15,15
14,13,3,3,3,3,2,2,2,2,2,2,2,2,2,3,3,3,3,13,13,2,2,2,2,1,1,1,1,1,1,1,1,1,2,2,2,2,13,13,13,13,3,3,3,3,2,2,2,2,2,2,2,2,2,3,3,3,3,13,13,2,2,2,2,1,1,1,1,1,1,1,1,1,2,2,2,2,13,14,14,13,3,3,3,3,2,2,2,2,2,2,2,2,2,3,3,3,3,13,13,2,2,2,2,1,1,1,1,1,1,1,1,1,2,2,2,2,13,13,13,13,3,3,3,3,2,2,2,2,2,2,2,2,2,3,3,3,3,13,13,2,2,2,2,1,1,1,1,1,1,1,1,1,2,2,2,2,13,13,13,13,3,3,3,3,2,2,2,2,2,2,2,2,2,3,3,3,3,13,15,15,15,15,15,15,15,15,15,15,15,15,15,15,15,15,15,15,15,15
14,13,3,3,3,3,2,2,2,2,2,2,2,2,2,3,3,3,3,13,13,2,2,2,2,1,1,1,1,1,1,1,1,1,2,2,2,2,13,13,13,13,3,3,3,3,2,2,2,2,2,2,2,2,2,3,3,3,3,13,13,2,2,2,2,1,1,1,1,1,1,1,1,1,2,2,2,2,13,14,14,13,3,3,3,3,2,2,2,2,2,2,2,2,2,3,3,3,3,13,13,2,2,2,2,1,1,1,1,1,1,1,1,1,2,2,2,2,13,13,13,13,3,3,3,3,2,2,2,2,2,2,2,2,2,3,3,3,3,13,13,2,2,2,2,1,1,1,1,1,1,1,1,1,2,2,2,2,13,13,13,13,3,3,3,3,2,2,2,2,2,2,2,2,2,3,3,3,3,13,15,15,15,15,15,15,15,15,15,15,15,15,15,15,15,15,15,15,15,15
14,13,3,3,3,3,2,2,2,2,2,2,2,2,2,3,3,3,3,13,13,2,2,2,2,1,1,1,1,1,1,1,1,1,2,2,2,2,13,13,13,13,3,3,3,3,2,2,2,2,2,2,2,2,2,3,3,3,3,13,13,2,2,2,2,1,1,1,1,1,1,1,1,1,2,2,2,2,13,14,14,13,3,3,3,3,2,2,2,2,2,2,2,2,2,3,3,3,3,13,13,2,2,2,2,1,1,1,1,1,1,1,1,1,2,2,2,2,13,13,13,13,3,3,3,3,2,2,2,2,2,2,2,2,2,3,3,3,3,13,13,2,2,2,2,1,1,1,1,1,1,1,1,1,2,2,2,2,13,13,13,13,3,3,3,3,2,2,2,2,2,2,2,2,2,3,3,3,3,13,15,15,15,15,15,15,15,15,15,15,15,15,15,15,15,15,15,15,15,15
14,13,3,3,3,3,2,2,2,2,2,2,2,2,2,3,3,3,3,13,13,2,2,2,2,1,1,1,1,1,1,1,1,1,2,2,2,2,13,13,13,13,3,3,3,3,2,2,2,2,2,2,2,2,2,3,3,3,3,13,13,2,2,2,2,1,1,1,1,1,1,1,1,1,2,2,2,2,13,14,14,13,3,3,3,3,2,2,2,2,2,2,2,2,2,3,3,3,3,13,13,2,2,2,2,1,1,1,1,1,1,1,1,1,2,2,2,2,13,13,13,13,3,3,3,3,2,2,2,2,2,2,2,2,2,3,3,3,3,13,13,2,2,2,2,1,1,1,1,1,1,1,1,1,2,2,2,2,13,13,13,13,3,3,3,3,2,2,2,2,2,2,2,2,2,3,3,3,3,13,15,15,15,15,15,15,15,15,15,15,15,15,15,15,15,15,15,15,15,15
14,13,3,3,3,3,2,2,2,2,2,2,2,2,2,3,3,3,3,13,13,2,2,2,2,1,1,1,1,1,1,1,1,1,2,2,2,2,13,13,13,13,3,3,3,3,2,2,2,2,2,2,2,2,2,3,3,3,3,13,13,2,2,2,2,1,1,1,1,1,1,1,1,1,2,2,2,2,13,14,14,13,3,3,3,3,2,2,2,2,2,2,2,2,2,3,3,3,3,13,13,2,2,2,2,1,1,1,1,1,1,1,1,1,2,2,2,2,13,13,13,13,3,3,3,3,2,2,2,2,2,2,2,2,2,3,3,3,3,13,13,2,2,2,2,1,1,1,1,1,1,1,1,1,2,2,2,2,13,13,13,13,3,3,3,3,2,2,2,2,2,2,2,2,2,3,3,3,3,13,15,15,15,15,15,15,15,15,15,15,15,15,15,15,15,15,15,15,15,15
14,13,3,3,3,3,2,2,2,2,2,2,2,2,2,3,3,3,3,13,13,2,2,2,2,1,1,1,1,1,1,1,1,1,2,2,2,2,13,13,13,13,3,3,3,3,2,2,2,2,2,2,2,2,2,3,3,3,3,13,13,2,2,2,2,1,1,1,1,1,1,1,1,1,2,2,2,2,13,14,14,13,3,3,3,3,2,2,2,2,2,2,2,2,2,3,3,3,3,13,13,2,2,2,2,1,1,1,1,1,1,1,1,1,2,2,2,2,13,13,13,13,3,3,3,3,2,2,2,2,2,2,2,2,2,3,3,3,3,13,13,2,2,2,2,1,1,1,1,1,1,1,1,1,2,2,2,2,13,13,13,13,3,3,3,3,2,2,2,2,2,2,2,2,2,3,3,3,3,13,15,15,15,15,15,15,15,15,15,15,15,15,15,15,15,15,15,15,15,15
13,13,4,4,4,4,3,3,3,3,3,3,3,3,3,4,4,4,4,13,13,3,3,3,3,2,2,2,2,2,2,2,2,2,3,3,3,3,13,13,13,13,4,4,4,4,3,3,3,3,3,3,3,3,3,4,4,4,4,13,13,3,3,3,3,2,2,2,2,2,2,2,2,2,3,3,3,3,13,13,13,13,4,4,4,4,3,3,3,3,3,3,3,3,3,4,4,4,4,13,13,3,3,3,3,2,2,2,2,2,2,2,2,2,3,3,3,3,13,13,13,13,4,4,4,4,3,3,3,3,3,3,3,3,3,4,4,4,4,13,13,3,3,3,3,2,2,2,2,2,2,2,2,2,3,3,3,3,13,13,13,13,4,4,4,4,3,3,3,3,3,3,3,3,3,4,4,4,4,13,15,15,15,15,15,15,15,15,15,15,15,15,15,15,15,15,15,15,15,15
13,13,4,4,4,4,3,3,3,3,3,3,3,3,3,4,4,4,4,13,13,3,3,3,3,2,2,2,2,2,2,2,2,2,3,3,3,3,13,13,13,13,4,4,4,4,3,3,3,3,3,3,3,3,3,4,4,4,4,13,13,3,3,3,3,2,2,2,2,2,2,2,2,2,3,3,3,3,13,13,13,13,4,4,4,4,3,3,3,3,3,3,3,3,3,4,4,4,4,13,13,3,3,3,3,2,2,2,2,2,2,2,2,2,3,3,3,3,13,13,13,13,4,4,4,4,3,3,3,3,3,3,3,3,3,4,4,4,4,13,13,3,3,3,3,2,2,2,2,2,2,2,2,2,3,3,3,3,13,13,13,13,4,4,4,4,3,3,3,3,3,3,3,3,3,4,4,4,4,13,15,15,15,15,15,15,15,15,15,15,15,15,15,15,15,15,15,15,15,15
13,13,4,4,4,4,3,3,3,3,3,3,3,3,3,4,4,4,4,13,13,3,3,3,3,2,2,2,2,2,2,2,2,2,3,3,3,3,13,13,13,13,4,4,4,4,3,3,3,3,3,3,3,3,3,4,4,4,4,13,13,3,3,3,3,2,2,2,2,2,2,2,2,2,3,3,3,3,13,13,13,13,4,4,4,4,3,3,3,3,3,3,3,3,3,4,4,4,4,13,13,3,3,3,3,2,2,2,2,2,2,2,2,2,3,3,3,3,13,13,13,13,4,4,4,4,3,3,3,3,3,3,3,3,3,4,4,4,4,13,13,3,3,3,3,2,2,2,2,2,2,2,2,2,3,3,3,3,13,13,13,13,4,4,4,4,3,3,3,3,3,3,3,3,3,4,4,4,4,13,15,15,15,15,15,15,15,15,15,15,15,15,15,15,15,15,15,15,15,15
13,13,4,4,4,4,3,3,3,3,3,3,3,3,3,4,4,4,4,13,13,3,3,3,3,2,2,2,2,2,2,2,2,2,3,3,3,3,13,13,13,13,4,4,4,4,3,3,3,3,3,3,3,3,3,4,4,4,4,13,13,3,3,3,3,2,2,2,2,2,2,2,2,2,3,3,3,3,13,13,13,13,4,4,4,4,3,3,3,3,3,3,3,3,3,4,4,4,4,13,13,3,3,3,3,2,2,2,2,2,2,2,2,2,3,3,3,3,13,13,13,13,4,4,4,4,3,3,3,3,3,3,3,3,3,4,4,4,4,13,13,3,3,3,3,2,2,2,2,2,2,2,2,2,3,3,3,3,13,13,13,13,4,4,4,4,3,3,3,3,3,3,3,3,3,4,4,4,4,13,15,15,15,15,15,15,15,15,15,15,15,15,15,15,15,15,15,15,15,15
13,13,13,13,13,13,13,13,13,13,13,13,13,13,13,13,13,13,13,13,13,13,13,13,13,13,13,13,13,13,13,13,13,13,13,13,13,13,13,13,13,13,13,13,13,13,13,13,13,13,13,13,13,13,13,13,13,13,13,13,13,13,13,13,13,13,13,13,13,13,13,13,13,13,13,13,13,13,13,13,13,13,13,13,13,13,13,13,13,13,13,13,13,13,13,13,13,13,13,13,13,13,13,13,13,13,13,13,13,13,13,13,13,13,13,13,13,13,13,13,13,13,13,13,13,13,13,13,13,13,13,13,13,13,13,13,13,13,13,13,13,13,13,13,13,13,13,13,13,13,13,13,13,13,13,13,13,13,13,13,13,13,13,13,13,13,13,13,13,13,13,13,13,13,13,13,13,13,13,13,15,15,15,15,15,15,15,15,15,15,15,15,15,15,15,15,15,15,15,15
13,13,13,13,13,13,13,13,13,13,13,13,13,13,13,13,13,13,13,13,13,13,13,13,13,13,13,13,13,13,13,13,13,13,13,13,13,13,13,13,13,13,13,13,13,13,13,13,13,13,13,13,13,13,13,13,13,13,13,13,13,13,13,13,13,13,13,13,13,13,13,13,13,13,13,13,13,13,13,13,13,13,13,13,13,13,13,13,13,13,13,13,13,13,13,13,13,13,13,13,13,13,13,13,13,13,13,13,13,13,13,13,13,13,13,13,13,13,13,13,13,13,13,13,13,13,13,13,13,13,13,13,13,13,13,13,13,13,13,13,13,13,13,13,13,13,13,13,13,13,13,13,13,13,13,13,13,13,13,13,13,13,13,13,13,13,13,13,13,13,13,13,13,13,13,13,13,13,13,13,15,15,15,15,15,15,15,15,15,15,15,15,15,15,15,15,15,15,15,15
13,13,11,11,11,11,10,10,10,10,10,10,10,10,10,11,11,11,11,13,13,8,8,8,8,7,7,7,7,7,7,7,7,7,8,8,8,8,13,13,13,13,7,7,7,7,6,6,6,6,6,6,6,6,6,7,7,7,7,13,13,4,4,4,4,3,3,3,3,3,3,3,3,3,4,4,4,4,13,13,13,13,3,3,3,3,2,2,2,2,2,2,2,2,2,3,3,3,3,13,13,4,4,4,4,3,3,3,3,3,3,3,3,3,4,4,4,4,13,13,13,13,3,3,3,3,2,2,2,2,2,2,2,2,2,3,3,3,3,13,13,4,4,4,4,3,3,3,3,3,3,3,3,3,4,4,4,4,13,13,13,13,3,3,3,3,2,2,2,2,2,2,2,2,2,3,3,3,3,13,15,15,15,15,15,15,15,15,15,15,15,15,15,15,15,15,15,15,15,15
13,13,11,11,11,11,10,10,10,10,10,10,10,10,10,11,11,11,11,13,13,8,8,8,8,7,7,7,7,7,7,7,7,7,8,8,8,8,13,13,13,13,7,7,7,7,6,6,6,6,6,6,6,6,6,7,7,7,7,13,13,4,4,4,4,3,3,3,3,3,3,3,3,3,4,4,4,4,13,13,13,13,3,3,3,3,2,2,2,2,2,2,2,2,2,3,3,3,3,13,13,4,4,4,4,3,3,3,3,3,3,3,3,3,4,4,4,4,13,13,13,13,3,3,3,3,2,2,2,2,2,2,2,2,2,3,3,3,3,13,13,4,4,4,4,3,3,3,3,3,3,3,3,3,4,4,4,4,13,13,13,13,3,3,3,3,2,2,2,2,2,2,2,2,2,3,3,3,3,13,15,15,15,15,15,15,15,15,15,15,15,15,15,15,15,15,15,15,15,15
13,13,11,11,11,11,10,10,10,10,10,10,10,10,10,11,11,11,11,13,13,8,8,8,8,7,7,7,7,7,7,7,7,7,8,8,8,8,13,13,13,13,7,7,7,7,6,6,6,6,6,6,6,6,6,7,7,7,7,13,13,4,4,4,4,3,3,3,3,3,3,3,3,3,4,4,4,4,13,13,13,13,3,3,3,3,2,2,2,2,2,2,2,2,2,3,3,3,3,13,13,4,4,4,4,3,3,3,3,3,3,3,3,3,4,4,4,4,13,13,13,13,3,3,3,3,2,2,2,2,2,2,2,2,2,3,3,3,3,13,13,4,4,4,4,3,3,3,3,3,3,3,3,3,4,4,4,4,13,13,13,13,3,3,3,3,2,2,2,2,2,2,2,2,2,3,3,3,3,13,15,15,15,15,15,15,15,15,15,15,15,15,15,15,15,15,15,15,15,15
13,13,11,11,11,11,10,10,10,10,10,10,10,10,10,11,11,11,11,13,13,8,8,8,8,7,7,7,7,7,7,7,7,7,8,8,8,8,13,13,13,13,7,7,7,7,6,6,6,6,6,6,6,6,6,7,7,7,7,13,13,4,4,4,4,3,3,3,3,3,3,3,3,3,4,4,4,4,13,13,13,13,3,3,3,3,2,2,2,2,2,2,2,2,2,3,3,3,3,13,13,4,4,4,4,3,3,3,3,3,3,3,3,3,4,4,4,4,13,13,13,13,3,3,3,3,2,2,2,2,2,2,2,2,2,3,3,3,3,13,13,4,4,4,4,3,3,3,3,3,3,3,3,3,4,4,4,4,13,13,13,13,3,3,3,3,2,2,2,2,2,2,2,2,2,3,3,3,3,13,15,15,15,15,15,15,15,15,15,15,15,15,15,15,15,15,15,15,15,15
13,13,10,10,10,10,9,9,9,9,9,9,9,9,9,10,10,10,10,13,13,7,7,7,7,6,6,6,6,6,6,6,6,6,7,7,7,7,13,13,13,13,6,6,6,6,5,5,5,5,5,5,5,5,5,6,6,6,6,13,13,3,3,3,3,2,2,2,2,2,2,2,2,2,3,3,3,3,13,13,13,13,2,2,2,2,1,1,1,1,1,1,1,1,1,2,2,2,2,13,13,3,3,3,3,2,2,2,2,2,2,2,2,2,3,3,3,3,13,14,14,13,2,2,2,2,1,1,1,1,1,1,1,1,1,2,2,2,2,13,13,3,3,3,3,2,2,2,2,2,2,2,2,2,3,3,3,3,13,13,13,13,2,2,2,2,1,1,1,1,1,1,1,1,1,2,2,2,2,13,15,15,15,15,15,15,15,15,15,15,15,15,15,15,15,15,15,15,15,15
13,13,10,10,10,10,9,9,9,9,9,9,9,9,9,10,10,10,10,13,13,7,7,7,7,6,6,6,6,6,6,6,6,6,7,7,7,7,13,13,13,13,6,6,6,6,5,5,5,5,5,5,5,5,5,6,6,6,6,13,13,3,3,3,3,2,2,2,2,2,2,2,2,2,3,3,3,3,13,13,13,13,2,2,2,2,1,1,1,1,1,1,1,1,1,2,2,2,2,13,13,3,3,3,3,2,2,2,2,2,2,2,2,2,3,3,3,3,13,14,14,13,2,2,2,2,1,1,1,1,1,1,1,1,1,2,2,2,2,13,13,3,3,3,3,2,2,2,2,2,2,2,2,2,3,3,3,3,13,13,13,13,2,2,2,2,1,1,1,1,1,1,1,1,1,2,2,2,2,13,15,15,15,15,15,15,15,15,15,15,15,15,15,15,15,15,15,15,15,15
13,13,10,10,10,10,9,9,9,9,9,9,9,9,9,10,10,10,10,13,13,7,7,7,7,6,6,6,6,6,6,6,6,6,7,7,7,7,13,13,13,13,6,6,6,6,5,5,5,5,5,5,5,5,5,6,6,6,6,13,13,3,3,3,3,2,2,2,2,2,2,2,2,2,3,3,3,3,13,13,13,13,2,2,2,2,1,1,1,1,1,1,1,1,1,2,2,2,2,13,13,3,3,3,3,2,2,2,2,2,2,2,2,2,3,3,3,3,13,14,14,13,2,2,2,2,1,1,1,1,1,1,1,1,1,2,2,2,2,13,13,3,3,3,3,2,2,2,2,2,2,2,2,2,3,3,3,3,13,13,13,13,2,2,2,2,1,1,1,1,1,1,1,1,1,2,2,2,2,13,15,15,15,15,15,15,15,15,15,15,15,15,15,15,15,15,15,15,15,15
13,13,10,10,10,10,9,9,9,9,9,9,9,9,9,10,10,10,10,13,13,7,7,7,7,6,6,6,6,6,6,6,6,6,7,7,7,7,13,13,13,13,6,6,6,6,5,5,5,5,5,5,5,5,5,6,6,6,6,13,13,3,3,3,3,2,2,2,2,2,2,2,2,2,3,3,3,3,13,13,13,13,2,2,2,2,1,1,1,1,1,1,1,1,1,2,2,2,2,13,13,3,3,3,3,2,2,2,2,2,2,2,2,2,3,3,3,3,13,14,14,13,2,2,2,2,1,1,1,1,1,1,1,1,1,2,2,2,2,13,13,3,3,3,3,2,2,2,2,2,2,2,2,2,3,3,3,3,13,13,13,13,2,2,2,2,1,1,1,1,1,1,1,1,1,2,2,2,2,13,15,15,15,15,15,15,15,15,15,15,15,15,15,15,15,15,15,15,15,15
13,13,10,10,10,10,9,9,9,9,9,9,9,9,9,10,10,10,10,13,13,7,7,7,7,6,6,6,6,6,6,6,6,6,7,7,7,7,13,13,13,13,6,6,6,6,5,5,5,5,5,5,5,5,5,6,6,6,6,13,13,3,3,3,3,2,2,2,2,2,2,2,2,2,3,3,3,3,13,13,13,13,2,2,2,2,1,1,1,1,1,1,1,1,1,2,2,2,2,13,13,3,3,3,3,2,2,2,2,2,2,2,2,2,3,3,3,3,13,14,14,13,2,2,2,2,1,1,1,1,1,1,1,1,1,2,2,2,2,13,13,3,3,3,3,2,2,2,2,2,2,2,2,2,3,3,3,3,13,13,13,13,2,2,2,2,1,1,1,1,1,1,1,1,1,2,2,2,2,13,15,15,15,15,15,15,15,15,15,15,15,15,15,15,15,15,15,15,15,15
13,13,10,10,10,10,9,9,9,9,9,9,9,9,9,10,10,10,10,13,13,7,7,7,7,6,6,6,6,6,6,6,6,6,7,7,7,7,13,13,13,13,6,6,6,6,5,5,5,5,5,5,5,5,5,6,6,6,6,13,13,3,3,3,3,2,2,2,2,2,2,2,2,2,3,3,3,3,13,13,13,13,2,2,2,2,1,1,1,1,1,1,1,1,1,2,2,2,2,13,13,3,3,3,3,2,2,2,2,2,2,2,2,2,3,3,3,3,13,14,14,13,2,2,2,2,1,1,1,1,1,1,1,1,1,2,2,2,2,13,13,3,3,3,3,2,2,2,2,2,2,2,2,2,3,3,3,3,13,13,13,13,2,2,2,2,1,1,1,1,1,1,1,1,1,2,2,2,2,13,15,15,15,15,15,15,15,15,15,15,15,15,15,15,15,15,15,15,15,15
13,13,10,10,10,10,9,9,9,9,9,9,9,9,9,10,10,10,10,13,13,7,7,7,7,6,6,6,6,6,6,6,6,6,7,7,7,7,13,13,13,13,6,6,6,6,5,5,5,5,5,5,5,5,5,6,6,6,6,13,13,3,3,3,3,2,2,2,2,2,2,2,2,2,3,3,3,3,13,13,13,13,2,2,2,2,1,1,1,1,1,1,1,1,1,2,2,2,2,13,13,3,3,3,3,2,2,2,2,2,2,2,2,2,3,3,3,3,13,14,14,13,2,2,2,2,1,1,1,1,1,1,1,1,1,2,2,2,2,13,13,3,3,3,3,2,2,2,2,2,2,2,2,2,3,3,3,3,13,13,13,13,2,2,2,2,1,1,1,1,1,1,1,1,1,2,2,2,2,13,15,15,15,15,15,15,15,15,15,15,15,15,15,15,15,15,15,15,15,15
13,13,10,10,10,10,9,9,9,9,9,9,9,9,9,10,10,10,10,13,13,7,7,7,7,6,6,6,6,6,6,6,6,6,7,7,7,7,13,13,13,13,6,6,6,6,5,5,5,5,5,5,5,5,5,6,6,6,6,13,13,3,3,3,3,2,2,2,2,2,2,2,2,2,3,3,3,3,13,13,13,13,2,2,2,2,1,1,1,1,1,1,1,1,1,2,2,2,2,13,13,3,3,3,3,2,2,2,2,2,2,2,2,2,3,3,3,3,13,14,14,13,2,2,2,2,1,1,1,1,1,1,1,1,1,2,2,2,2,13,13,3,3,3,3,2,2,2,2,2,2,2,2,2,3,3,3,3,13,13,13,13,2,2,2,2,1,1,1,1,1,1,1,1,1,2,2,2,2,13,15,15,15,15,15,15,15,15,15,15,15,15,15,15,15,15,15,15,15,15
13,13,10,10,10,10,9,9,9,9,9,9,9,9,9,10,10,10,10,13,13,7,7,7,7,6,6,6,6,6,6,6,6,6,7,7,7,7,13,13,13,13,6,6,6,6,5,5,5,5,5,5,5,5,5,6,6,6,6,13,13,3,3,3,3,2,2,2,2,2,2,2,2,2,3,3,3,3,13,13,13,13,2,2,2,2,1,1,1,1,1,1,1,1,1,2,2,2,2,13,13,3,3,3,3,2,2,2,2,2,2,2,2,2,3,3,3,3,13,14,14,13,2,2,2,2,1,1,1,1,1,1,1,1,1,2,2,2,2,13,13,3,3,3,3,2,2,2,2,2,2,2,2,2,3,3,3,3,13,13,13,13,2,2,2,2,1,1,1,1,1,1,1,1,1,2,2,2,2,13,15,15,15,15,15,15,15,15,15,15,15,15,15,15,15,15,15,15,15,15
13,13,11,11,11,11,10,10,10,10,10,10,10,10,10,11,11,11,11,13,13,8,8,8,8,7,7,7,7,7,7,7,7,7,8,8,8,8,13,13,13,13,7,7,7,7,6,6,6,6,6,6,6,6,6,7,7,7,7,13,13,4,4,4,4,3,3,3,3,3,3,3,3,3,4,4,4,4,13,13,13,13,3,3,3,3,2,2,2,2,2,2,2,2,2,3,3,3,3,13,13,4,4,4,4,3,3,3,3,3,3,3,3,3,4,4,4,4,13,14,14,13,3,3,3,3,2,2,2,2,2,2,2,2,2,3,3,3,3,13,13,4,4,4,4,3,3,3,3,3,3,3,3,3,4,4,4,4,13,13,13,13,3,3,3,3,2,2,2,2,2,2,2,2,2,3,3,3,3,13,15,15,15,15,15,15,15,15,15,15,15,15,15,15,15,15,15,15,15,15
13,13,11,11,11,11,10,10,10,10,10,10,10,10,10,11,11,11,11,13,13,8,8,8,8,7,7,7,7,7,7,7,7,7,8,8,8,8,13,13,13,13,7,7,7,7,6,6,6,6,6,6,6,6,6,7,7,7,7,13,13,4,4,4,4,3,3,3,3,3,3,3,3,3,4,4,4,4,13,13,13,13,3,3,3,3,2,2,2,2,2,2,2,2,2,3,3,3,3,13,13,4,4,4,4,3,3,3,3,3,3,3,3,3,4,4,4,4,13,14,14,13,3,3,3,3,2,2,2,2,2,2,2,2,2,3,3,3,3,13,13,4,4,4,4,3,3,3,3,3,3,3,3,3,4,4,4,4,13,13,13,13,3,3,3,3,2,2,2,2,2,2,2,2,2,3,3,3,3,13,15,15,15,15,15,15,15,15,15,15,15,15,15,15,15,15,15,15,15,15
13,13,11,11,11,11,10,10,10,10,10,10,10,10,10,11,11,11,11,13,13,8,8,8,8,7,7,7,7,7,7,7,7,7,8,8,8,8,13,13,13,13,7,7,7,7,6,6,6,6,6,6,6,6,6,7,7,7,7,13,13,4,4,4,4,3,3,3,3,3,3,3,3,3,4,4,4,4,13,13,13,13,3,3,3,3,2,2,2,2,2,2,2,2,2,3,3,3,3,13,13,4,4,4,4,3,3,3,3,3,3,3,3,3,4,4,4,4,13,14,14,13,3,3,3,3,2,2,2,2,2,2,2,2,2,3,3,3,3,13,13,4,4,4,4,3,3,3,3,3,3,3,3,3,4,4,4,4,13,13,13,13,3,3,3,3,2,2,2,2,2,2,2,2,2,3,3,3,3,13,15,15,15,15,15,15,15,15,15,15,15,15,15,15,15,15,15,15,15,15
13,13,11,11,11,11,10,10,10,10,10,10,10,10,10,11,11,11,11,13,13,8,8,8,8,7,7,7,7,7,7,7,7,7,8,8,8,8,13,13,13,13,7,7,7,7,6,6,6,6,6,6,6,6,6,7,7,7,7,13,13,4,4,4,4,3,3,3,3,3,3,3,3,3,4,4,4,4,13,13,13,13,3,3,3,3,2,2,2,2,2,2,2,2,2,3,3,3,3,13,13,4,4,4,4,3,3,3,3,3,3,3,3,3,4,4,4,4,13,14,14,13,3,3,3,3,2,2,2,2,2,2,2,2,2,3,3,3,3,13,13,4,4,4,4,3,3,3,3,3,3,3,3,3,4,4,4,4,13,13,13,13,3,3,3,3,2,2,2,2,2,2,2,2,2,3,3,3,3,13,15,15,15,15,15,15,15,15,15,15,15,15,15,15,15,15,15,15,15,15
13,13,13,13,13,13,13,13,13,13,13,13,13,13,13,13,13,13,13,13,13,13,13,13,13,13,13,13,13,13,13,13,13,13,13,13,13,13,13,13,13,13,13,13,13,13,13,13,13,13,13,13,13,13,13,13,13,13,13,13,13,13,13,13,13,13,13,13,13,13,13,13,13,13,13,13,13,13,13,13,13,13,13,13,13,13,13,13,13,13,13,13,13,13,13,13,13,13,13,13,13,13,13,13,13,13,13,13,13,13,13,13,13,13,13,13,13,13,13,14,14,13,13,13,13,13,13,13,13,13,13,13,13,13,13,13,13,13,13,13,13,13,13,13,13,13,13,13,13,13,13,13,13,13,13,13,13,13,13,13,13,13,13,13,13,13,13,13,13,13,13,13,13,13,13,13,13,13,13,13,15,15,15,15,15,15,15,15,15,15,15,15,15,15,15,15,15,15,15,15
13,13,13,13,13,13,13,13,13,13,13,13,13,13,13,13,13,13,13,13,13,13,13,13,13,13,13,13,13,13,13,13,13,13,13,13,13,13,13,13,13,13,13,13,13,13,13,13,13,13,13,13,13,13,13,13,13,13,13,13,13,13,13,13,13,13,13,13,13,13,13,13,13,13,13,13,13,13,13,13,13,13,13,13,13,13,13,13,13,13,13,13,13,13,13,13,13,13,13,13,13,13,13,13,13,14,14,14,14,14,14,14,14,14,14,14,14,14,14,14,14,14,14,14,14,14,14,14,14,14,14,14,14,14,14,13,13,13,13,13,13,13,13,13,13,13,13,13,13,13,13,13,13,13,13,13,13,13,13,13,13,13,13,13,13,13,13,13,13,13,13,13,13,13,13,13,13,13,13,13,15,15,15,15,15,15,15,15,15,15,15,15,15,15,15,15,15,15,15,15
13,13,13,13,13,13,13,13,13,13,13,13,13,13,13,13,13,13,13,13,13,13,13,13,13,13,13,13,13,13,13,13,13,13,13,13,13,13,13,13,13,13,13,13,13,13,13,13,13,13,13,13,13,13,13,13,13,13,13,13,13,13,13,13,13,13,13,13,13,13,13,13,13,13,13,13,13,13,13,13,13,13,13,13,13,13,13,13,13,13,13,13,13,13,13,13,13,13,13,13,13,13,13,13,13,14,14,14,14,14,14,14,14,14,14,14,14,14,14,14,14,14,14,14,14,14,14,14,14,14,14,14,14,14,14,13,13,13,13,13,13,13,13,13,13,13,13,13,13,13,13,13,13,13,13,13,13,13,13,13,13,13,13,13,13,13,13,13,13,13,13,13,13,13,13,13,13,13,13,13,15,15,15,15,15,15,15,15,15,15,15,15,15,15,15,15,15,15,15,15
13,13,13,13,13,13,13,13,13,13,13,13,13,13,13,13,13,13,13,13,13,13,13,13,13,13,13,13,13,13,13,13,13,13,13,13,13,13,13,13,13,13,13,13,13,13,13,13,13,13,13,13,13,13,13,13,13,13,13,13,13,13,13,13,13,13,13,13,13,13,13,13,13,13,13,13,13,13,13,13,13,13,13,13,13,13,13,13,13,13,13,13,13,13,13,13,13,13,13,13,13,13,13,13,13,13,13,13,13,13,13,13,13,13,13,13,13,13,13,14,14,13,13,13,13,13,13,13,13,13,13,13,13,13,13,13,13,13,13,13,13,13,13,13,13,13,13,13,13,13,13,13,13,13,13,13,13,13,13,13,13,13,13,13,13,13,13,13,13,13,13,13,13,13,13,13,13,13,13,13,15,15,15,15,15,15,15,15,15,15,15,15,15,15,15,15,15,15,15,15
13,13,12,12,12,12,11,11,11,11,11,11,11,11,11,12,12,12,12,13,13,7,7,7,7,6,6,6,6,6,6,6,6,6,7,7,7,7,13,13,13,13,8,8,8,8,7,7,7,7,7,7,7,7,7,8,8,8,8,13,13,3,3,3,3,2,2,2,2,2,2,2,2,2,3,3,3,3,13,13,13,13,4,4,4,4,3,3,3,3,3,3,3,3,3,4,4,4,4,13,13,3,3,3,3,2,2,2,2,2,2,2,2,2,3,3,3,3,13,14,14,13,4,4,4,4,3,3,3,3,3,3,3,3,3,4,4,4,4,13,13,3,3,3,3,2,2,2,2,2,2,2,2,2,3,3,3,3,13,13,13,13,4,4,4,4,3,3,3,3,3,3,3,3,3,4,4,4,4,13,15,15,15,15,15,15,15,15,15,15,15,15,15,15,15,15,15,15,15,15
13,13,12,12,12,12,11,11,11,11,11,11,11,11,11,12,12,12,12,13,13,7,7,7,7,6,6,6,6,6,6,6,6,6,7,7,7,7,13,13,13,13,8,8,8,8,7,7,7,7,7,7,7,7,7,8,8,8,8,13,13,3,3,3,3,2,2,2,2,2,2,2,2,2,3,3,3,3,13,13,13,13,4,4,4,4,3,3,3,3,3,3,3,3,3,4,4,4,4,13,13,3,3,3,3,2,2,2,2,2,2,2,2,2,3,3,3,3,13,14,14,13,4,4,4,4,3,3,3,3,3,3,3,3,3,4,4,4,4,13,13,3,3,3,3,2,2,2,2,2,2,2,2,2,3,3,3,3,13,13,13,13,4,4,4,4,3,3,3,3,3,3,3,3,3,4,4,4,4,13,15,15,15,15,15,15,15,15,15,15,15,15,15,15,15,15,15,15,15,15
13,13,12,12,12,12,11,11,11,11,11,11,11,11,11,12,12,12,12,13,13,7,7,7,7,6,6,6,6,6,6,6,6,6,7,7,7,7,13,13,13,13,8,8,8,8,7,7,7,7,7,7,7,7,7,8,8,8,8,13,13,3,3,3,3,2,2,2,2,2,2,2,2,2,3,3,3,3,13,13,13,13,4,4,4,4,3,3,3,3,3,3,3,3,3,4,4,4,4,13,13,3,3,3,3,2,2,2,2,2,2,2,2,2,3,3,3,3,13,14,14,13,4,4,4,4,3,3,3,3,3,3,3,3,3,4,4,4,4,13,13,3,3,3,3,2,2,2,2,2,2,2,2,2,3,3,3,3,13,13,13,13,4,4,4,4,3,3,3,3,3,3,3,3,3,4,4,4,4,13,15,15,15,15,15,15,15,15,15,15,15,15,15,15,15,15,15,15,15,15
13,13,12,12,12,12,11,11,11,11,11,11,11,11,11,12,12,12,12,13,13,7,7,7,7,6,6,6,6,6,6,6,6,6,7,7,7,7,13,13,13,13,8,8,8,8,7,7,7,7,7,7,7,7,7,8,8,8,8,13,13,3,3,3,3,2,2,2,2,2,2,2,2,2,3,3,3,3,13,13,13,13,4,4,4,4,3,3,3,3,3,3,3,3,3,4,4,4,4,13,13,3,3,3,3,2,2,2,2,2,2,2,2,2,3,3,3,3,13,14,14,13,4,4,4,4,3,3,3,3,3,3,3,3,3,4,4,4,4,13,13,3,3,3,3,2,2,2,2,2,2,2,2,2,3,3,3,3,13,13,13,13,4,4,4,4,3,3,3,3,3,3,3,3,3,4,4,4,4,13,15,15,15,15,15,15,15,15,15,15,15,15,15,15,15,15,15,15,15,15
13,13,11,11,11,11,10,10,10,10,10,10,10,10,10,11,11,11,11,13,13,6,6,6,6,5,5,5,5,5,5,5,5,5,6,6,6,6,13,13,13,13,7,7,7,7,6,6,6,6,6,6,6,6,6,7,7,7,7,13,13,2,2,2,2,1,1,1,1,1,1,1,1,1,2,2,2,2,13,13,13,13,3,3,3,3,2,2,2,2,2,2,2,2,2,3,3,3,3,13,13,2,2,2,2,1,1,1,1,1,1,1,1,1,2,2,2,2,13,14,14,13,3,3,3,3,2,2,2,2,2,2,2,2,2,3,3,3,3,13,13,2,2,2,2,1,1,1,1,1,1,1,1,1,2,2,2,2,13,13,13,13,3,3,3,3,2,2,2,2,2,2,2,2,2,3,3,3,3,13,15,15,15,15,15,15,15,15,15,15,15,15,15,15,15,15,15,15,15,15
13,13,11,11,11,11,10,10,10,10,10,10,10,10,10,11,11,11,11,13,13,6,6,6,6,5,5,5,5,5,5,5,5,5,6,6,6,6,13,13,13,13,7,7,7,7,6,6,6,6,6,6,6,6,6,7,7,7,7,13,13,2,2,2,2,1,1,1,1,1,1,1,1,1,2,2,2,2,13,13,13,13,3,3,3,3,2,2,2,2,2,2,2,2,2,3,3,3,3,13,13,2,2,2,2,1,1,1,1,1,1,1,1,1,2,2,2,2,13,14,14,13,3,3,3,3,2,2,2,2,2,2,2,2,2,3,3,3,3,13,13,2,2,2,2,1,1,1,1,1,1,1,1,1,2,2,2,2,13,13,13,13,3,3,3,3,2,2,2,2,2,2,2,2,2,3,3,3,3,13,15,15,15,15,15,15,15,15,15,15,15,15,15,15,15,15,15,15,15,15
13,13,11,11,11,11,10,10,10,10,10,10,10,10,10,11,11,11,11,13,13,6,6,6,6,5,5,5,5,5,5,5,5,5,6,6,6,6,13,13,13,13,7,7,7,7,6,6,6,6,6,6,6,6,6,7,7,7,7,13,13,2,2,2,2,1,1,1,1,1,1,1,1,1,2,2,2,2,13,13,13,13,3,3,3,3,2,2,2,2,2,2,2,2,2,3,3,3,3,13,13,2,2,2,2,1,1,1,1,1,1,1,1,1,2,2,2,2,13,14,14,13,3,3,3,3,2,2,2,2,2,2,2,2,2,3,3,3,3,13,13,2,2,2,2,1,1,1,1,1,1,1,1,1,2,2,2,2,13,13,13,13,3,3,3,3,2,2,2,2,2,2,2,2,2,3,3,3,3,13,15,15,15,15,15,15,15,15,15,15,15,15,15,15,15,15,15,15,15,15
13,13,11,11,11,11,10,10,10,10,10,10,10,10,10,11,11,11,11,13,13,6,6,6,6,5,5,5,5,5,5,5,5,5,6,6,6,6,13,13,13,13,7,7,7,7,6,6,6,6,6,6,6,6,6,7,7,7,7,13,13,2,2,2,2,1,1,1,1,1,1,1,1,1,2,2,2,2,13,13,13,13,3,3,3,3,2,2,2,2,2,2,2,2,2,3,3,3,3,13,13,2,2,2,2,1,1,1,1,1,1,1,1,1,2,2,2,2,13,14,14,13,3,3,3,3,2,2,2,2,2,2,2,2,2,3,3,3,3,13,13,2,2,2,2,1,1,1,1,1,1,1,1,1,2,2,2,2,13,13,13,13,3,3,3,3,2,2,2,2,2,2,2,2,2,3,3,3,3,13,15,15,15,15,15,15,15,15,15,15,15,15,15,15,15,15,15,15,15,15
13,13,11,11,11,11,10,10,10,10,10,10,10,10,10,11,11,11,11,13,13,6,6,6,6,5,5,5,5,5,5,5,5,5,6,6,6,6,13,13,13,13,7,7,7,7,6,6,6,6,6,6,6,6,6,7,7,7,7,13,13,2,2,2,2,1,1,1,1,1,1,1,1,1,2,2,2,2,13,13,13,13,3,3,3,3,2,2,2,2,2,2,2,2,2,3,3,3,3,13,13,2,2,2,2,1,1,1,1,1,1,1,1,1,2,2,2,2,13,14,14,13,3,3,3,3,2,2,2,2,2,2,2,2,2,3,3,3,3,13,13,2,2,2,2,1,1,1,1,1,1,1,1,1,2,2,2,2,13,13,13,13,3,3,3,3,2,2,2,2,2,2,2,2,2,3,3,3,3,13,15,15,15,15,15,15,15,15,15,15,15,15,15,15,15,15,15,15,15,15
13,13,11,11,11,11,10,10,10,10,10,10,10,10,10,11,11,11,11,13,13,6,6,6,6,5,5,5,5,5,5,5,5,5,6,6,6,6,13,13,13,13,7,7,7,7,6,6,6,6,6,6,6,6,6,7,7,7,7,13,13,2,2,2,2,1,1,1,1,1,1,1,1,1,2,2,2,2,13,13,13,13,3,3,3,3,2,2,2,2,2,2,2,2,2,3,3,3,3,13,13,2,2,2,2,1,1,1,1,1,1,1,1,1,2,2,2,2,13,14,14,13,3,3,3,3,2,2,2,2,2,2,2,2,2,3,3,3,3,13,13,2,2,2,2,1,1,1,1,1,1,1,1,1,2,2,2,2,13,13,13,13,3,3,3,3,2,2,2,2,2,2,2,2,2,3,3,3,3,13,15,15,15,15,15,15,15,15,15,15,15,15,15,15,15,15,15,15,15,15
13,13,11,11,11,11,10,10,10,10,10,10,10,10,10,11,11,11,11,13,13,6,6,6,6,5,5,5,5,5,5,5,5,5,6,6,6,6,13,13,13,13,7,7,7,7,6,6,6,6,6,6,6,6,6,7,7,7,7,13,13,2,2,2,2,1,1,1,1,1,1,1,1,1,2,2,2,2,13,13,13,13,3,3,3,3,2,2,2,2,2,2,2,2,2,3,3,3,3,13,13,2,2,2,2,1,1,1,1,1,1,1,1,1,2,2,2,2,13,14,14,13,3,3,3,3,2,2,2,2,2,2,2,2,2,3,3,3,3,13,13,2,2,2,2,1,1,1,1,1,1,1,1,1,2,2,2,2,13,13,13,13,3,3,3,3,2,2,2,2,2,2,2,2,2,3,3,3,3,13,15,15,15,15,15,15,15,15,15,15,15,15,15,15,15,15,15,15,15,15
13,13,11,11,11,11,10,10,10,10,10,10,10,10,10,11,11,11,11,13,13,6,6,6,6,5,5,5,5,5,5,5,5,5,6,6,6,6,13,13,13,13,7,7,7,7,6,6,6,6,6,6,6,6,6,7,7,7,7,13,13,2,2,2,2,1,1,1,1,1,1,1,1,1,2,2,2,2,13,13,13,13,3,3,3,3,2,2,2,2,2,2,2,2,2,3,3,3,3,13,13,2,2,2,2,1,1,1,1,1,1,1,1,1,2,2,2,2,13,14,14,13,3,3,3,3,2,2,2,2,2,2,2,2,2,3,3,3,3,13,13,2,2,2,2,1,1,1,1,1,1,1,1,1,2,2,2,2,13,13,13,13,3,3,3,3,2,2,2,2,2,2,2,2,2,3,3,3,3,13,15,15,15,15,15,15,15,15,15,15,15,15,15,15,15,15,15,15,15,15
13,13,11,11,11,11,10,10,10,10,10,10,10,10,10,11,11,11,11,13,13,6,6,6,6,5,5,5,5,5,5,5,5,5,6,6,6,6,13,13,13,13,7,7,7,7,6,6,6,6,6,6,6,6,6,7,7,7,7,13,13,2,2,2,2,1,1,1,1,1,1,1,1,1,2,2,2,2,13,13,13,13,3,3,3,3,2,2,2,2,2,2,2,2,2,3,3,3,3,13,13,2,2,2,2,1,1,1,1,1,1,1,1,1,2,2,2,2,13,14,14,13,3,3,3,3,2,2,2,2,2,2,2,2,2,3,3,3,3,13,13,2,2,2,2,1,1,1,1,1,1,1,1,1,2,2,2,2,13,13,13,13,3,3,3,3,2,2,2,2,2,2,2,2,2,3,3,3,3,13,15,15,15,15,15,15,15,15,15,15,15,15,15,15,15,15,15,15,15,15
13,13,12,12,12,12,11,11,11,11,11,11,11,11,11,12,12,12,12,13,13,7,7,7,7,6,6,6,6,6,6,6,6,6,7,7,7,7,13,13,13,13,8,8,8,8,7,7,7,7,7,7,7,7,7,8,8,8,8,13,13,3,3,3,3,2,2,2,2,2,2,2,2,2,3,3,3,3,13,13,13,13,4,4,4,4,3,3,3,3,3,3,3,3,3,4,4,4,4,13,13,3,3,3,3,2,2,2,2,2,2,2,2,2,3,3,3,3,13,13,13,13,4,4,4,4,3,3,3,3,3,3,3,3,3,4,4,4,4,13,13,3,3,3,3,2,2,2,2,2,2,2,2,2,3,3,3,3,13,13,13,13,4,4,4,4,3,3,3,3,3,3,3,3,3,4,4,4,4,13,15,15,15,15,15,15,15,15,15,15,15,15,15,15,15,15,15,15,15,15
13,13,12,12,12,12,11,11,11,11,11,11,11,11,11,12,12,12,12,13,13,7,7,7,7,6,6,6,6,6,6,6,6,6,7,7,7,7,13,13,13,13,8,8,8,8,7,7,7,7,7,7,7,7,7,8,8,8,8,13,13,3,3,3,3,2,2,2,2,2,2,2,2,2,3,3,3,3,13,13,13,13,4,4,4,4,3,3,3,3,3,3,3,3,3,4,4,4,4,13,13,3,3,3,3,2,2,2,2,2,2,2,2,2,3,3,3,3,13,13,13,13,4,4,4,4,3,3,3,3,3,3,3,3,3,4,4,4,4,13,13,3,3,3,3,2,2,2,2,2,2,2,2,2,3,3,3,3,13,13,13,13,4,4,4,4,3,3,3,3,3,3,3,3,3,4,4,4,4,13,15,15,15,15,15,15,15,15,15,15,15,15,15,15,15,15,15,15,15,15
13,13,12,12,12,12,11,11,11,11,11,11,11,11,11,12,12,12,12,13,13,7,7,7,7,6,6,6,6,6,6,6,6,6,7,7,7,7,13,13,13,13,8,8,8,8,7,7,7,7,7,7,7,7,7,8,8,8,8,13,13,3,3,3,3,2,2,2,2,2,2,2,2,2,3,3,3,3,13,13,13,13,4,4,4,4,3,3,3,3,3,3,3,3,3,4,4,4,4,13,13,3,3,3,3,2,2,2,2,2,2,2,2,2,3,3,3,3,13,13,13,13,4,4,4,4,3,3,3,3,3,3,3,3,3,4,4,4,4,13,13,3,3,3,3,2,2,2,2,2,2,2,2,2,3,3,3,3,13,13,13,13,4,4,4,4,3,3,3,3,3,3,3,3,3,4,4,4,4,13,15,15,15,15,15,15,15,15,15,15,15,15,15,15,15,15,15,15,15,15
13,13,12,12,12,12,11,11,11,11,11,11,11,11,11,12,12,12,12,13,13,7,7,7,7,6,6,6,6,6,6,6,6,6,7,7,7,7,13,13,13,13,8,8,8,8,7,7,7,7,7,7,7,7,7,8,8,8,8,13,13,3,3,3,3,2,2,2,2,2,2,2,2,2,3,3,3,3,13,13,13,13,4,4,4,4,3,3,3,3,3,3,3,3,3,4,4,4,4,13,13,3,3,3,3,2,2,2,2,2,2,2,2,2,3,3,3,3,13,13,13,13,4,4,4,4,3,3,3,3,3,3,3,3,3,4,4,4,4,13,13,3,3,3,3,2,2,2,2,2,2,2,2,2,3,3,3,3,13,13,13,13,4,4,4,4,3,3,3,3,3,3,3,3,3,4,4,4,4,13,15,15,15,15,15,15,15,15,15,15,15,15,15,15,15,15,15,15,15,15
13,13,13,13,13,13,13,13,13,13,13,13,13,13,13,13,13,13,13,13,13,13,13,13,13,13,13,13,13,13,13,13,13,13,13,13,13,13,13,13,13,13,13,13,13,13,13,13,13,13,13,13,13,13,13,13,13,13,13,13,13,13,13,13,13,13,13,13,13,13,13,13,13,13,13,13,13,13,13,13,13,13,13,13,13,13,13,13,13,13,13,13,13,13,13,13,13,13,13,13,13,13,13,13,13,13,13,13,13,13,13,13,13,13,13,13,13,13,13,13,13,13,13,13,13,13,13,13,13,13,13,13,13,13,13,13,13,13,13,13,13,13,13,13,13,13,13,13,13,13,13,13,13,13,13,13,13,13,13,13,13,13,13,13,13,13,13,13,13,13,13,13,13,13,13,13,13,13,13,13,15,15,15,15,15,15,15,15,15,15,15,15,15,15,15,15,15,15,15,15
13,13,13,13,13,13,13,13,13,13,13,13,13,13,13,13,13,13,13,13,13,13,13,13,13,13,13,13,13,13,13,13,13,13,13,13,13,13,13,13,13,13,13,13,13,13,13,13,13,13,13,13,13,13,13,13,13,13,13,13,13,13,13,13,13,13,13,13,13,13,13,13,13,13,13,13,13,13,13,13,13,13,13,13,13,13,13,13,13,13,13,13,13,13,13,13,13,13,13,13,13,13,13,13,13,13,13,13,13,13,13,13,13,13,13,13,13,13,13,13,13,13,13,13,13,13,13,13,13,13,13,13,13,13,13,13,13,13,13,13,13,13,13,13,13,13,13,13,13,13,13,13,13,13,13,13,13,13,13,13,13,13,13,13,13,13,13,13,13,13,13,13,13,13,13,13,13,13,13,13,15,15,15,15,15,15,15,15,15,15,15,15,15,15,15,15,15,15,15,15
13,13,11,11,11,11,10,10,10,10,10,10,10,10,10,11,11,11,11,13,13,12,12,12,12,11,11,11,11,11,11,11,11,11,12,12,12,12,13,13,13,13,11,11,11,11,10,10,10,10,10,10,10,10,10,11,11,11,11,13,13,4,4,4,4,3,3,3,3,3,3,3,3,3,4,4,4,4,13,13,13,13,3,3,3,3,2,2,2,2,2,2,2,2,2,3,3,3,3,13,13,4,4,4,4,3,3,3,3,3,3,3,3,3,4,4,4,4,13,13,13,13,3,3,3,3,2,2,2,2,2,2,2,2,2,3,3,3,3,13,13,4,4,4,4,3,3,3,3,3,3,3,3,3,4,4,4,4,13,13,13,13,3,3,3,3,2,2,2,2,2,2,2,2,2,3,3,3,3,13,15,15,15,15,15,15,15,15,15,15,15,15,15,15,15,15,15,15,15,15
13,13,11,11,11,11,10,10,10,10,10,10,10,10,10,11,11,11,11,13,13,12,12,12,12,11,11,11,11,11,11,11,11,11,12,12,12,12,13,13,13,13,11,11,11,11,10,10,10,10,10,10,10,10,10,11,11,11,11,13,13,4,4,4,4,3,3,3,3,3,3,3,3,3,4,4,4,4,13,13,13,13,3,3,3,3,2,2,2,2,2,2,2,2,2,3,3,3,3,13,13,4,4,4,4,3,3,3,3,3,3,3,3,3,4,4,4,4,13,13,13,13,3,3,3,3,2,2,2,2,2,2,2,2,2,3,3,3,3,13,13,4,4,4,4,3,3,3,3,3,3,3,3,3,4,4,4,4,13,13,13,13,3,3,3,3,2,2,2,2,2,2,2,2,2,3,3,3,3,13,15,15,15,15,15,15,15,15,15,15,15,15,15,15,15,15,15,15,15,15
13,13,11,11,11,11,10,10,10,10,10,10,10,10,10,11,11,11,11,13,13,12,12,12,12,11,11,11,11,11,11,11,11,11,12,12,12,12,13,13,13,13,11,11,11,11,10,10,10,10,10,10,10,10,10,11,11,11,11,13,13,4,4,4,4,3,3,3,3,3,3,3,3,3,4,4,4,4,13,13,13,13,3,3,3,3,2,2,2,2,2,2,2,2,2,3,3,3,3,13,13,4,4,4,4,3,3,3,3,3,3,3,3,3,4,4,4,4,13,13,13,13,3,3,3,3,2,2,2,2,2,2,2,2,2,3,3,3,3,13,13,4,4,4,4,3,3,3,3,3,3,3,3,3,4,4,4,4,13,13,13,13,3,3,3,3,2,2,2,2,2,2,2,2,2,3,3,3,3,13,15,15,15,15,15,15,15,15,15,15,15,15,15,15,15,15,15,15,15,15
13,13,11,11,11,11,10,10,10,10,10,10,10,10,10,11,11,11,11,13,13,12,12,12,12,11,11,11,11,11,11,11,11,11,12,12,12,12,13,13,13,13,11,11,11,11,10,10,10,10,10,10,10,10,10,11,11,11,11,13,13,4,4,4,4,3,3,3,3,3,3,3,3,3,4,4,4,4,13,13,13,13,3,3,3,3,2,2,2,2,2,2,2,2,2,3,3,3,3,13,13,4,4,4,4,3,3,3,3,3,3,3,3,3,4,4,4,4,13,13,13,13,3,3,3,3,2,2,2,2,2,2,2,2,2,3,3,3,3,13,13,4,4,4,4,3,3,3,3,3,3,3,3,3,4,4,4,4,13,13,13,13,3,3,3,3,2,2,2,2,2,2,2,2,2,3,3,3,3,13,15,15,15,15,15,15,15,15,15,15,15,15,15,15,15,15,15,15,15,15
13,13,10,10,10,10,9,9,9,9,9,9,9,9,9,10,10,10,10,13,13,11,11,11,11,10,10,10,10,10,10,10,10,10,11,11,11,11,13,13,13,13,10,10,10,10,9,9,9,9,9,9,9,9,9,10,10,10,10,13,13,3,3,3,3,2,2,2,2,2,2,2,2,2,3,3,3,3,13,14,14,13,2,2,2,2,1,1,1,1,1,1,1,1,1,2,2,2,2,13,13,3,3,3,3,2,2,2,2,2,2,2,2,2,3,3,3,3,13,13,13,13,2,2,2,2,1,1,1,1,1,1,1,1,1,2,2,2,2,13,13,3,3,3,3,2,2,2,2,2,2,2,2,2,3,3,3,3,13,13,13,13,2,2,2,2,1,1,1,1,1,1,1,1,1,2,2,2,2,13,15,15,15,15,15,15,15,15,15,15,15,15,15,15,15,15,15,15,15,15
13,13,10,10,10,10,9,9,9,9,9,9,9,9,9,10,10,10,10,13,13,11,11,11,11,10,10,10,10,10,10,10,10,10,11,11,11,11,13,13,13,13,10,10,10,10,9,9,9,9,9,9,9,9,9,10,10,10,10,13,13,3,3,3,3,2,2,2,2,2,2,2,2,2,3,3,3,3,13,14,14,13,2,2,2,2,1,1,1,1,1,1,1,1,1,2,2,2,2,13,13,3,3,3,3,2,2,2,2,2,2,2,2,2,3,3,3,3,13,13,13,13,2,2,2,2,1,1,1,1,1,1,1,1,1,2,2,2,2,13,13,3,3,3,3,2,2,2,2,2,2,2,2,2,3,3,3,3,13,13,13,13,2,2,2,2,1,1,1,1,1,1,1,1,1,2,2,2,2,13,15,15,15,15,15,15,15,15,15,15,15,15,15,15,15,15,15,15,15,15
13,13,10,10,10,10,9,9,9,9,9,9,9,9,9,10,10,10,10,13,13,11,11,11,11,10,10,10,10,10,10,10,10,10,11,11,11,11,13,13,13,13,10,10,10,10,9,9,9,9,9,9,9,9,9,10,10,10,10,13,13,3,3,3,3,2,2,2,2,2,2,2,2,2,3,3,3,3,13,14,14,13,2,2,2,2,1,1,1,1,1,1,1,1,1,2,2,2,2,13,13,3,3,3,3,2,2,2,2,2,2,2,2,2,3,3,3,3,13,13,13,13,2,2,2,2,1,1,1,1,1,1,1,1,1,2,2,2,2,13,13,3,3,3,3,2,2,2,2,2,2,2,2,2,3,3,3,3,13,13,13,13,2,2,2,2,1,1,1,1,1,1,1,1,1,2,2,2,2,13,15,15,15,15,15,15,15,15,15,15,15,15,15,15,15,15,15,15,15,15
13,13,10,10,10,10,9,9,9,9,9,9,9,9,9,10,10,10,10,13,13,11,11,11,11,10,10,10,10,10,10,10,10,10,11,11,11,11,13,13,13,13,10,10,10,10,9,9,9,9,9,9,9,9,9,10,10,10,10,13,13,3,3,3,3,2,2,2,2,2,2,2,2,2,3,3,3,3,13,14,14,13,2,2,2,2,1,1,1,1,1,1,1,1,1,2,2,2,2,13,13,3,3,3,3,2,2,2,2,2,2,2,2,2,3,3,3,3,13,13,13,13,2,2,2,2,1,1,1,1,1,1,1,1,1,2,2,2,2,13,13,3,3,3,3,2,2,2,2,2,2,2,2,2,3,3,3,3,13,13,13,13,2,2,2,2,1,1,1,1,1,1,1,1,1,2,2,2,2,13,15,15,15,15,15,15,15,15,15,15,15,15,15,15,15,15,15,15,15,15
13,13,10,10,10,10,9,9,9,9,9,9,9,9,9,10,10,10,10,13,13,11,11,11,11,10,10,10,10,10,10,10,10,10,11,11,11,11,13,13,13,13,10,10,10,10,9,9,9,9,9,9,9,9,9,10,10,10,10,13,13,3,3,3,3,2,2,2,2,2,2,2,2,2,3,3,3,3,13,14,14,13,2,2,2,2,1,1,1,1,1,1,1,1,1,2,2,2,2,13,13,3,3,3,3,2,2,2,2,2,2,2,2,2,3,3,3,3,13,13,13,13,2,2,2,2,1,1,1,1,1,1,1,1,1,2,2,2,2,13,13,3,3,3,3,2,2,2,2,2,2,2,2,2,3,3,3,3,13,13,13,13,2,2,2,2,1,1,1,1,1,1,1,1,1,2,2,2,2,13,15,15,15,15,15,15,15,15,15,15,15,15,15,15,15,15,15,15,15,15
13,13,10,10,10,10,9,9,9,9,9,9,9,9,9,10,10,10,10,13,13,11,11,11,11,10,10,10,10,10,10,10,10,10,11,11,11,11,13,13,13,13,10,10,10,10,9,9,9,9,9,9,9,9,9,10,10,10,10,13,13,3,3,3,3,2,2,2,2,2,2,2,2,2,3,3,3,3,13,14,14,13,2,2,2,2,1,1,1,1,1,1,1,1,1,2,2,2,2,13,13,3,3,3,3,2,2,2,2,2,2,2,2,2,3,3,3,3,13,13,13,13,2,2,2,2,1,1,1,1,1,1,1,1,1,2,2,2,2,13,13,3,3,3,3,2,2,2,2,2,2,2,2,2,3,3,3,3,13,13,13,13,2,2,2,2,1,1,1,1,1,1,1,1,1,2,2,2,2,13,15,15,15,15,15,15,15,15,15,15,15,15,15,15,15,15,15,15,15,15
13,13,10,10,10,10,9,9,9,9,9,9,9,9,9,10,10,10,10,13,13,11,11,11,11,10,10,10,10,10,10,10,10,10,11,11,11,11,13,13,13,13,10,10,10,10,9,9,9,9,9,9,9,9,9,10,10,10,10,13,13,3,3,3,3,2,2,2,2,2,2,2,2,2,3,3,3,3,13,14,14,13,2,2,2,2,1,1,1,1,1,1,1,1,1,2,2,2,2,13,13,3,3,3,3,2,2,2,2,2,2,2,2,2,3,3,3,3,13,13,13,13,2,2,2,2,1,1,1,1,1,1,1,1,1,2,2,2,2,13,13,3,3,3,3,2,2,2,2,2,2,2,2,2,3,3,3,3,13,13,13,13,2,2,2,2,1,1,1,1,1,1,1,1,1,2,2,2,2,13,15,15,15,15,15,15,15,15,15,15,15,15,15,15,15,15,15,15,15,15
13,13,10,10,10,10,9,9,9,9,9,9,9,9,9,10,10,10,10,13,13,11,11,11,11,10,10,10,10,10,10,10,10,10,11,11,11,11,13,13,13,13,10,10,10,10,9,9,9,9,9,9,9,9,9,10,10,10,10,13,13,3,3,3,3,2,2,2,2,2,2,2,2,2,3,3,3,3,13,14,14,13,2,2,2,2,1,1,1,1,1,1,1,1,1,2,2,2,2,13,13,3,3,3,3,2,2,2,2,2,2,2,2,2,3,3,3,3,13,13,13,13,2,2,2,2,1,1,1,1,1,1,1,1,1,2,2,2,2,13,13,3,3,3,3,2,2,2,2,2,2,2,2,2,3,3,3,3,13,13,13,13,2,2,2,2,1,1,1,1,1,1,1,1,1,2,2,2,2,13,15,15,15,15,15,15,15,15,15,15,15,15,15,15,15,15,15,15,15,15
13,13,10,10,10,10,9,9,9,9,9,9,9,9,9,10,10,10,10,13,13,11,11,11,11,10,10,10,10,10,10,10,10,10,11,11,11,11,13,13,13,13,10,10,10,10,9,9,9,9,9,9,9,9,9,10,10,10,10,13,13,3,3,3,3,2,2,2,2,2,2,2,2,2,3,3,3,3,13,14,14,13,2,2,2,2,1,1,1,1,1,1,1,1,1,2,2,2,2,13,13,3,3,3,3,2,2,2,2,2,2,2,2,2,3,3,3,3,13,13,13,13,2,2,2,2,1,1,1,1,1,1,1,1,1,2,2,2,2,13,13,3,3,3,3,2,2,2,2,2,2,2,2,2,3,3,3,3,13,13,13,13,2,2,2,2,1,1,1,1,1,1,1,1,1,2,2,2,2,13,15,15,15,15,15,15,15,15,15,15,15,15,15,15,15,15,15,15,15,15
13,13,11,11,11,11,10,10,10,10,10,10,10,10,10,11,11,11,11,13,13,12,12,12,12,11,11,11,11,11,11,11,11,11,12,12,12,12,13,13,13,13,11,11,11,11,10,10,10,10,10,10,10,10,10,11,11,11,11,13,13,4,4,4,4,3,3,3,3,3,3,3,3,3,4,4,4,4,13,14,14,13,3,3,3,3,2,2,2,2,2,2,2,2,2,3,3,3,3,13,13,4,4,4,4,3,3,3,3,3,3,3,3,3,4,4,4,4,13,13,13,13,3,3,3,3,2,2,2,2,2,2,2,2,2,3,3,3,3,13,13,4,4,4,4,3,3,3,3,3,3,3,3,3,4,4,4,4,13,13,13,13,3,3,3,3,2,2,2,2,2,2,2,2,2,3,3,3,3,13,15,15,15,15,15,15,15,15,15,15,15,15,15,15,15,15,15,15,15,15
13,13,11,11,11,11,10,10,10,10,10,10,10,10,10,11,11,11,11,13,13,12,12,12,12,11,11,11,11,11,11,11,11,11,12,12,12,12,13,13,13,13,11,11,11,11,10,10,10,10,10,10,10,10,10,11,11,11,11,13,13,4,4,4,4,3,3,3,3,3,3,3,3,3,4,4,4,4,13,14,14,13,3,3,3,3,2,2,2,2,2,2,2,2,2,3,3,3,3,13,13,4,4,4,4,3,3,3,3,3,3,3,3,3,4,4,4,4,13,13,13,13,3,3,3,3,2,2,2,2,2,2,2,2,2,3,3,3,3,13,13,4,4,4,4,3,3,3,3,3,3,3,3,3,4,4,4,4,13,13,13,13,3,3,3,3,2,2,2,2,2,2,2,2,2,3,3,3,3,13,15,15,15,15,15,15,15,15,15,15,15,15,15,15,15,15,15,15,15,15
13,13,11,11,11,11,10,10,10,10,10,10,10,10,10,11,11,11,11,13,13,12,12,12,12,11,11,11,11,11,11,11,11,11,12,12,12,12,13,13,13,13,11,11,11,11,10,10,10,10,10,10,10,10,10,11,11,11,11,13,13,4,4,4,4,3,3,3,3,3,3,3,3,3,4,4,4,4,13,14,14,13,3,3,3,3,2,2,2,2,2,2,2,2,2,3,3,3,3,13,13,4,4,4,4,3,3,3,3,3,3,3,3,3,4,4,4,4,13,13,13,13,3,3,3,3,2,2,2,2,2,2,2,2,2,3,3,3,3,13,13,4,4,4,4,3,3,3,3,3,3,3,3,3,4,4,4,4,13,13,13,13,3,3,3,3,2,2,2,2,2,2,2,2,2,3,3,3,3,13,15,15,15,15,15,15,15,15,15,15,15,15,15,15,15,15,15,15,15,15
13,13,11,11,11,11,10,10,10,10,10,10,10,10,10,11,11,11,11,13,13,12,12,12,12,11,11,11,11,11,11,11,11,11,12,12,12,12,13,13,13,13,11,11,11,11,10,10,10,10,10,10,10,10,10,11,11,11,11,13,13,4,4,4,4,3,3,3,3,3,3,3,3,3,4,4,4,4,13,14,14,13,3,3,3,3,2,2,2,2,2,2,2,2,2,3,3,3,3,13,13,4,4,4,4,3,3,3,3,3,3,3,3,3,4,4,4,4,13,13,13,13,3,3,3,3,2,2,2,2,2,2,2,2,2,3,3,3,3,13,13,4,4,4,4,3,3,3,3,3,3,3,3,3,4,4,4,4,13,13,13,13,3,3,3,3,2,2,2,2,2,2,2,2,2,3,3,3,3,13,15,15,15,15,15,15,15,15,15,15,15,15,15,15,15,15,15,15,15,15
13,13,13,13,13,13,13,13,13,13,13,13,13,13,13,13,13,13,13,13,13,13,13,13,13,13,13,13,13,13,13,13,13,13,13,13,13,13,13,13,13,13,13,13,13,13,13,13,13,13,13,13,13,13,13,13,13,13,13,13,13,13,13,13,13,13,13,13,13,13,13,13,13,13,13,13,13,13,13,14,14,13,13,13,13,13,13,13,13,13,13,13,13,13,13,13,13,13,13,13,13,13,13,13,13,13,13,13,13,13,13,13,13,13,13,13,13,13,13,13,13,13,13,13,13,13,13,13,13,13,13,13,13,13,13,13,13,13,13,13,13,13,13,13,13,13,13,13,13,13,13,13,13,13,13,13,13,13,13,13,13,13,13,13,13,13,13,13,13,13,13,13,13,13,13,13,13,13,13,13,15,15,15,15,15,15,15,15,15,15,15,15,15,15,15,15,15,15,15,15
13,13,13,13,13,13,13,13,13,13,13,13,13,13,13,13,13,13,13,13,13,13,13,13,13,13,13,13,13,13,13,13,13,13,13,13,13,13,13,13,13,13,13,13,13,13,13,13,13,13,13,13,13,13,13,13,13,13,13,13,13,13,13,13,13,14,14,14,14,14,14,14,14,14,14,14,14,14,14,14,14,14,14,14,14,14,14,14,14,14,14,14,14,14,14,13,13,13,13,13,13,13,13,13,13,13,13,13,13,13,13,13,13,13,13,13,13,13,13,13,13,13,13,13,13,13,13,13,13,13,13,13,13,13,13,13,13,13,13,13,13,13,13,13,13,13,13,13,13,13,13,13,13,13,13,13,13,13,13,13,13,13,13,13,13,13,13,13,13,13,13,13,13,13,13,13,13,13,13,13,15,15,15,15,15,15,15,15,15,15,15,15,15,15,15,15,15,15,15,15
