1.531000000000000139e-01
4.593000000000000416e-01
7.655000000000000693e-01
1.071700000000000097e+00
1.377900000000000125e+00
1.684100000000000152e+00
1.990300000000000180e+00
2.296499999999999986e+00
2.602700000000000458e+00
2.908900000000000041e+00
3.215100000000000513e+00
3.521300000000000097e+00
3.827500000000000568e+00
4.133700000000000152e+00
4.439900000000000624e+00
4.746100000000000207e+00
5.052300000000000679e+00
5.358500000000001151e+00
5.664700000000000735e+00
5.970900000000000318e+00
6.277100000000000790e+00
6.583300000000001262e+00
6.889500000000000846e+00
7.195700000000000429e+00
7.501900000000000901e+00
7.808100000000001373e+00
8.114300000000000068e+00
8.420500000000000540e+00
8.726700000000001012e+00
9.032900000000001484e+00
9.339100000000000179e+00
9.645300000000000651e+00
9.951500000000001123e+00
1.025770000000000159e+01
1.056390000000000207e+01
1.087010000000000076e+01
1.117630000000000123e+01
1.148250000000000171e+01
1.178870000000000040e+01
1.209490000000000087e+01
1.240110000000000134e+01
1.270730000000000182e+01
1.301350000000000229e+01
1.331970000000000098e+01
1.362590000000000146e+01
1.393210000000000193e+01
1.423830000000000062e+01
1.454450000000000109e+01
1.485070000000000157e+01
1.515690000000000204e+01
1.546310000000000251e+01
1.576930000000000121e+01
1.607550000000000168e+01
1.638169999999999860e+01
1.668789999999999907e+01
1.699409999999999954e+01
1.730030000000000001e+01
1.760650000000000048e+01
1.791270000000000095e+01
1.821890000000000143e+01
1.852509999999999835e+01
1.883129999999999882e+01
1.913749999999999929e+01
1.944369999999999976e+01
1.974990000000000023e+01
2.005610000000000070e+01
2.036230000000000118e+01
2.066850000000000165e+01
2.097470000000000212e+01
2.128089999999999904e+01
2.158709999999999951e+01
2.189329999999999998e+01
2.219950000000000045e+01
2.250570000000000093e+01
2.281190000000000140e+01
2.311810000000000187e+01
2.342429999999999879e+01
2.373049999999999926e+01
2.403669999999999973e+01
2.434290000000000020e+01
2.464910000000000068e+01
2.495530000000000115e+01
2.526150000000000162e+01
2.556770000000000209e+01
2.587390000000000256e+01
2.618009999999999948e+01
2.648629999999999995e+01
2.679250000000000043e+01
2.709870000000000090e+01
2.740490000000000137e+01
2.771110000000000184e+01
2.801730000000000231e+01
2.832349999999999923e+01
2.862969999999999970e+01
2.893590000000000018e+01
2.924210000000000065e+01
2.954830000000000112e+01
2.985450000000000159e+01
3.016070000000000206e+01
3.046690000000000254e+01
3.077310000000000301e+01
3.107929999999999993e+01
3.138550000000000040e+01
3.169170000000000087e+01
3.199790000000000134e+01
3.230410000000000537e+01
3.261030000000000229e+01
3.291650000000000631e+01
3.322270000000000323e+01
3.352890000000000725e+01
3.383510000000000417e+01
3.414130000000000820e+01
3.444750000000000512e+01
3.475370000000000203e+01
3.505990000000000606e+01
3.536610000000000298e+01
3.567230000000000700e+01
3.597850000000000392e+01
3.628470000000000795e+01
3.659090000000000487e+01
3.689710000000000178e+01
3.720330000000000581e+01
3.750950000000000273e+01
3.781570000000000675e+01
3.812190000000000367e+01
3.842810000000000770e+01
3.873430000000000462e+01
3.904050000000000864e+01
3.934670000000000556e+01
3.965290000000000248e+01
3.995910000000000650e+01
4.026530000000000342e+01
4.057150000000000745e+01
4.087770000000000437e+01
4.118390000000000839e+01
4.149010000000000531e+01
4.179630000000000933e+01
4.210250000000000625e+01
4.240870000000000317e+01
4.271490000000000720e+01
4.302110000000000412e+01
4.332730000000000814e+01
4.363350000000000506e+01
4.393970000000000908e+01
4.424590000000000600e+01
4.455210000000000292e+01
4.485830000000000695e+01
4.516450000000000387e+01
4.547070000000000789e+01
4.577690000000000481e+01
4.608310000000000883e+01
4.638930000000000575e+01
4.669550000000000267e+01
4.700170000000000670e+01
4.730790000000000362e+01
4.761410000000000764e+01
4.792030000000000456e+01
4.822650000000000858e+01
4.853270000000000550e+01
4.883890000000000953e+01
4.914510000000000645e+01
4.945130000000000337e+01
4.975750000000000739e+01
5.006370000000000431e+01
5.036990000000000833e+01
5.067610000000000525e+01
5.098230000000000928e+01
5.128850000000000620e+01
5.159470000000001022e+01
5.190090000000000714e+01
5.220710000000000406e+01
5.251330000000000808e+01
5.281950000000000500e+01
5.312570000000000903e+01
5.343190000000000595e+01
5.373810000000000997e+01
5.404430000000000689e+01
5.435050000000000381e+01
5.465670000000000783e+01
5.496290000000000475e+01
5.526910000000000878e+01
5.557530000000000570e+01
5.588150000000000972e+01
5.618770000000000664e+01
5.649390000000000356e+01
5.680010000000000758e+01
5.710630000000000450e+01
5.741250000000000853e+01
5.771870000000000545e+01
5.802490000000000947e+01
5.833110000000000639e+01
5.863730000000001041e+01
5.894350000000000733e+01
5.924970000000000425e+01
5.955590000000000828e+01
5.986210000000000520e+01
6.016830000000000922e+01
6.047450000000000614e+01
6.078070000000001016e+01
6.108690000000000708e+01
6.139310000000001111e+01
6.169930000000000803e+01
6.200550000000000495e+01
6.231170000000000897e+01
6.261790000000000589e+01
6.292410000000000991e+01
6.323030000000000683e+01
6.353650000000001086e+01
6.384270000000000778e+01
6.414889999999999759e+01
6.445510000000000161e+01
6.476130000000000564e+01
6.506749999999999545e+01
6.537369999999999948e+01
6.567990000000000350e+01
6.598610000000000753e+01
6.629229999999999734e+01
6.659850000000000136e+01
6.690470000000000539e+01
6.721089999999999520e+01
6.751709999999999923e+01
6.782330000000000325e+01
6.812950000000000728e+01
6.843569999999999709e+01
6.874190000000000111e+01
6.904810000000000514e+01
6.935429999999999495e+01
6.966049999999999898e+01
6.996670000000000300e+01
7.027290000000000703e+01
7.057909999999999684e+01
7.088530000000000086e+01
7.119150000000000489e+01
7.149769999999999470e+01
7.180389999999999873e+01
7.211010000000000275e+01
7.241630000000000678e+01
7.272249999999999659e+01
7.302870000000000061e+01
7.333490000000000464e+01
7.364109999999999445e+01
7.394729999999999848e+01
7.425350000000000250e+01
7.455970000000000653e+01
7.486589999999999634e+01
7.517210000000000036e+01
7.547830000000000439e+01
7.578450000000000841e+01
7.609069999999999823e+01
7.639690000000000225e+01
7.670310000000000628e+01
7.700929999999999609e+01
7.731550000000000011e+01
7.762170000000000414e+01
7.792790000000000816e+01
7.823409999999999798e+01
7.854030000000000200e+01
7.884650000000000603e+01
7.915269999999999584e+01
7.945889999999999986e+01
7.976510000000000389e+01
8.007130000000000791e+01
8.037749999999999773e+01
8.068370000000000175e+01
8.098990000000000578e+01
8.129609999999999559e+01
8.160229999999999961e+01
8.190850000000000364e+01
8.221470000000000766e+01
8.252089999999999748e+01
8.282710000000000150e+01
8.313330000000000553e+01
8.343950000000000955e+01
8.374569999999999936e+01
8.405190000000000339e+01
8.435810000000000741e+01
8.466429999999999723e+01
8.497050000000000125e+01
8.527670000000000528e+01
8.558290000000000930e+01
8.588909999999999911e+01
8.619530000000000314e+01
8.650150000000000716e+01
8.680769999999999698e+01
8.711390000000000100e+01
8.742010000000000502e+01
8.772630000000000905e+01
8.803249999999999886e+01
8.833870000000000289e+01
8.864490000000000691e+01
8.895109999999999673e+01
8.925730000000000075e+01
8.956350000000000477e+01
8.986970000000000880e+01
9.017589999999999861e+01
9.048210000000000264e+01
9.078830000000000666e+01
9.109449999999999648e+01
9.140070000000000050e+01
9.170690000000000452e+01
9.201310000000000855e+01
9.231929999999999836e+01
9.262550000000000239e+01
9.293170000000000641e+01
9.323789999999999623e+01
9.354410000000000025e+01
9.385030000000000427e+01
9.415650000000000830e+01
9.446269999999999811e+01
9.476890000000000214e+01
9.507510000000000616e+01
9.538130000000001019e+01
9.568750000000000000e+01
9.599370000000000402e+01
9.629990000000000805e+01
9.660609999999999786e+01
9.691230000000000189e+01
9.721850000000000591e+01
9.752470000000000994e+01
9.783089999999999975e+01
9.813710000000000377e+01
9.844330000000000780e+01
9.874949999999999761e+01
9.905570000000000164e+01
9.936190000000000566e+01
9.966810000000000969e+01
9.997429999999999950e+01
1.002805000000000035e+02
1.005867000000000075e+02
1.008928999999999974e+02
1.011991000000000014e+02
1.015053000000000054e+02
1.018115000000000094e+02
1.021176999999999992e+02
1.024239000000000033e+02
1.027301000000000073e+02
1.030363000000000113e+02
1.033425000000000011e+02
1.036487000000000052e+02
1.039549000000000092e+02
1.042610999999999990e+02
1.045673000000000030e+02
1.048735000000000070e+02
1.051797000000000111e+02
1.054859000000000009e+02
1.057921000000000049e+02
1.060983000000000089e+02
1.064044999999999987e+02
1.067107000000000028e+02
1.070169000000000068e+02
1.073231000000000108e+02
1.076293000000000006e+02
1.079355000000000047e+02
1.082417000000000087e+02
1.085478999999999985e+02
1.088541000000000025e+02
1.091603000000000065e+02
1.094665000000000106e+02
1.097727000000000004e+02
1.100789000000000044e+02
1.103851000000000084e+02
1.106912999999999982e+02
1.109975000000000023e+02
1.113037000000000063e+02
1.116099000000000103e+02
1.119161000000000001e+02
1.122223000000000042e+02
1.125285000000000082e+02
1.128346999999999980e+02
1.131409000000000020e+02
1.134471000000000060e+02
1.137533000000000101e+02
1.140594999999999999e+02
1.143657000000000039e+02
1.146719000000000079e+02
1.149781000000000120e+02
1.152843000000000018e+02
1.155905000000000058e+02
1.158967000000000098e+02
1.162028999999999996e+02
1.165091000000000037e+02
1.168153000000000077e+02
1.171215000000000117e+02
1.174277000000000015e+02
1.177339000000000055e+02
1.180401000000000096e+02
1.183462999999999994e+02
1.186525000000000034e+02
1.189587000000000074e+02
1.192649000000000115e+02
1.195711000000000013e+02
1.198773000000000053e+02
1.201835000000000093e+02
1.204896999999999991e+02
1.207959000000000032e+02
1.211021000000000072e+02
1.214083000000000112e+02
1.217145000000000010e+02
1.220207000000000050e+02
1.223269000000000091e+02
1.226331000000000131e+02
1.229393000000000029e+02
1.232455000000000069e+02
1.235517000000000110e+02
1.238579000000000008e+02
1.241641000000000048e+02
1.244703000000000088e+02
1.247765000000000128e+02
1.250827000000000027e+02
1.253889000000000067e+02
1.256951000000000107e+02
1.260013000000000005e+02
1.263075000000000045e+02
1.266137000000000086e+02
1.269199000000000126e+02
1.272261000000000024e+02
1.275323000000000064e+02
1.278385000000000105e+02
1.281447000000000003e+02
1.284509000000000185e+02
1.287571000000000083e+02
1.290632999999999981e+02
1.293695000000000164e+02
1.296757000000000062e+02
1.299818999999999960e+02
1.302881000000000142e+02
1.305943000000000040e+02
1.309004999999999939e+02
1.312067000000000121e+02
1.315129000000000019e+02
1.318191000000000201e+02
1.321253000000000100e+02
1.324314999999999998e+02
1.327377000000000180e+02
1.330439000000000078e+02
1.333500999999999976e+02
1.336563000000000159e+02
1.339625000000000057e+02
1.342686999999999955e+02
1.345749000000000137e+02
1.348811000000000035e+02
1.351872999999999934e+02
1.354935000000000116e+02
1.357997000000000014e+02
1.361059000000000196e+02
1.364121000000000095e+02
1.367182999999999993e+02
1.370245000000000175e+02
1.373307000000000073e+02
1.376368999999999971e+02
1.379431000000000154e+02
1.382493000000000052e+02
1.385554999999999950e+02
1.388617000000000132e+02
1.391679000000000030e+02
1.394741000000000213e+02
1.397803000000000111e+02
1.400865000000000009e+02
1.403927000000000191e+02
1.406989000000000090e+02
1.410050999999999988e+02
1.413113000000000170e+02
1.416175000000000068e+02
1.419236999999999966e+02
1.422299000000000149e+02
1.425361000000000047e+02
1.428422999999999945e+02
1.431485000000000127e+02
1.434547000000000025e+02
1.437609000000000208e+02
1.440671000000000106e+02
1.443733000000000004e+02
1.446795000000000186e+02
1.449857000000000085e+02
1.452918999999999983e+02
1.455981000000000165e+02
1.459043000000000063e+02
1.462104999999999961e+02
1.465167000000000144e+02
1.468229000000000042e+02
1.471290999999999940e+02
1.474353000000000122e+02
1.477415000000000020e+02
1.480477000000000203e+02
1.483539000000000101e+02
1.486600999999999999e+02
1.489663000000000181e+02
1.492725000000000080e+02
1.495786999999999978e+02
1.498849000000000160e+02
1.501911000000000058e+02
1.504972999999999956e+02
1.508035000000000139e+02
1.511097000000000037e+02
1.514159000000000219e+02
1.517221000000000117e+02
1.520283000000000015e+02
1.523345000000000198e+02
1.526407000000000096e+02
1.529468999999999994e+02
