7399.455
1.09084822431
1.04145476724
1.04146774052
1.0415491488
1.04163144813
1.04170328659
1.04176400524
1.04181504162
1.04185799419
1.04189425742
1.04192498705
1.04195112888
1.04197345517
1.04199259727
1.04200907272
1.04202330716
1.04203565184
1.04204639766
1.04205578639
1.04206401962
1.04207126599
1.04207766703
1.04208334184
1.04208839093
1.04209289935
1.04209693924
1.04210057198
1.04210384985
1.04210681755
1.04210951333
1.04211197003
1.04211421591
1.04211627532
1.0421181693
1.04211991607
1.04212153144
1.04212302919
1.04212442131
1.0421257183
1.04212692935
1.04212806255
1.04212912501
1.04213012302
