1.913749999999999896e-01
5.741249999999999964e-01
9.568750000000000311e-01
1.339625000000000066e+00
1.722375000000000211e+00
2.105125000000000135e+00
2.487874999999999837e+00
2.870624999999999982e+00
3.253375000000000128e+00
3.636125000000000274e+00
4.018875000000000419e+00
4.401625000000000121e+00
4.784374999999999822e+00
5.167125000000000412e+00
5.549875000000000114e+00
5.932625000000000703e+00
6.315375000000000405e+00
6.698125000000000107e+00
7.080875000000000696e+00
7.463625000000000398e+00
7.846375000000000988e+00
8.229125000000001577e+00
8.611875000000001279e+00
8.994625000000000981e+00
9.377375000000000682e+00
9.760125000000002160e+00
1.014287500000000186e+01
1.052562500000000156e+01
1.090837500000000126e+01
1.129112500000000097e+01
1.167387500000000244e+01
1.205662500000000215e+01
1.243937500000000185e+01
1.282212500000000155e+01
1.320487500000000125e+01
1.358762500000000273e+01
1.397037500000000243e+01
1.435312500000000213e+01
1.473587500000000183e+01
1.511862500000000153e+01
1.550137500000000301e+01
1.588412500000000271e+01
1.626687500000000242e+01
1.664962500000000389e+01
1.703237500000000182e+01
1.741512500000000330e+01
1.779787500000000122e+01
1.818062500000000270e+01
1.856337500000000063e+01
1.894612500000000210e+01
1.932887500000000358e+01
1.971162500000000151e+01
2.009437500000000298e+01
2.047712500000000091e+01
2.085987500000000239e+01
2.124262500000000387e+01
2.162537500000000179e+01
2.200812500000000327e+01
2.239087500000000119e+01
2.277362500000000267e+01
2.315637500000000415e+01
2.353912500000000207e+01
2.392187500000000355e+01
2.430462500000000148e+01
2.468737500000000296e+01
2.507012500000000443e+01
2.545287500000000236e+01
2.583562500000000384e+01
2.621837500000000176e+01
2.660112500000000324e+01
2.698387500000000472e+01
2.736662500000000264e+01
2.774937500000000412e+01
2.813212500000000205e+01
2.851487500000000352e+01
2.889762500000000500e+01
2.928037500000000293e+01
2.966312500000000441e+01
3.004587500000000233e+01
3.042862500000000381e+01
3.081137500000000529e+01
3.119412500000000321e+01
3.157687500000000469e+01
3.195962500000000261e+01
3.234237500000000409e+01
3.272512500000000557e+01
3.310787500000000705e+01
3.349062500000000142e+01
3.387337500000000290e+01
3.425612500000000438e+01
3.463887500000000585e+01
3.502162500000000733e+01
3.540437500000000171e+01
3.578712500000000318e+01
3.616987500000000466e+01
3.655262500000000614e+01
3.693537500000000051e+01
3.731812500000000199e+01
3.770087500000000347e+01
3.808362500000000495e+01
3.846637500000000642e+01
3.884912500000000080e+01
3.923187500000000227e+01
3.961462500000000375e+01
3.999737500000000523e+01
4.038012500000000671e+01
4.076287500000000108e+01
4.114562500000000256e+01
4.152837500000000404e+01
4.191112500000000551e+01
4.229387500000000699e+01
4.267662500000000136e+01
4.305937500000000284e+01
4.344212500000000432e+01
4.382487500000000580e+01
4.420762500000000728e+01
4.459037500000000165e+01
4.497312500000000313e+01
4.535587500000000460e+01
4.573862500000000608e+01
4.612137500000000756e+01
4.650412500000000193e+01
4.688687500000000341e+01
4.726962500000000489e+01
4.765237500000000637e+01
4.803512500000000784e+01
4.841787500000000222e+01
4.880062500000000369e+01
4.918337500000000517e+01
4.956612500000000665e+01
4.994887500000000813e+01
5.033162500000000250e+01
5.071437500000000398e+01
5.109712500000000546e+01
5.147987500000000693e+01
5.186262500000000841e+01
5.224537500000000279e+01
5.262812500000000426e+01
5.301087500000000574e+01
5.339362500000000722e+01
5.377637500000000870e+01
5.415912500000000307e+01
5.454187500000000455e+01
5.492462500000000603e+01
5.530737500000000750e+01
5.569012500000000898e+01
5.607287500000000335e+01
5.645562500000000483e+01
5.683837500000000631e+01
5.722112500000000779e+01
5.760387500000000927e+01
5.798662500000000364e+01
5.836937500000000512e+01
5.875212500000000659e+01
5.913487500000000807e+01
5.951762500000000955e+01
5.990037500000000392e+01
6.028312500000000540e+01
6.066587500000000688e+01
6.104862500000000836e+01
6.143137500000000983e+01
6.181412500000000421e+01
6.219687500000000568e+01
6.257962500000000716e+01
6.296237500000000864e+01
6.334512500000000301e+01
6.372787500000000449e+01
6.411062499999999886e+01
6.449337500000000034e+01
6.487612500000000182e+01
6.525887500000000330e+01
6.564162500000000477e+01
6.602437500000000625e+01
6.640712499999999352e+01
6.678987499999999500e+01
6.717262499999999648e+01
6.755537499999999795e+01
6.793812499999999943e+01
6.832087500000000091e+01
6.870362500000000239e+01
6.908637500000000387e+01
6.946912500000000534e+01
6.985187500000000682e+01
7.023462499999999409e+01
7.061737499999999557e+01
7.100012499999999704e+01
7.138287499999999852e+01
7.176562500000000000e+01
7.214837500000000148e+01
7.253112500000000296e+01
7.291387500000000443e+01
7.329662500000000591e+01
7.367937499999999318e+01
7.406212499999999466e+01
7.444487499999999613e+01
7.482762499999999761e+01
7.521037499999999909e+01
7.559312500000000057e+01
7.597587500000000205e+01
7.635862500000000352e+01
7.674137500000000500e+01
7.712412500000000648e+01
7.750687499999999375e+01
7.788962499999999523e+01
7.827237499999999670e+01
7.865512499999999818e+01
7.903787499999999966e+01
7.942062500000000114e+01
7.980337500000000261e+01
8.018612500000000409e+01
8.056887500000000557e+01
8.095162500000000705e+01
8.133437499999999432e+01
8.171712499999999579e+01
8.209987499999999727e+01
8.248262499999999875e+01
8.286537500000000023e+01
8.324812500000000171e+01
8.363087500000000318e+01
8.401362500000000466e+01
8.439637500000000614e+01
8.477912500000000762e+01
8.516187499999999488e+01
8.554462499999999636e+01
8.592737499999999784e+01
8.631012499999999932e+01
8.669287500000000080e+01
8.707562500000000227e+01
8.745837500000000375e+01
8.784112500000000523e+01
8.822387500000000671e+01
8.860662500000000819e+01
8.898937499999999545e+01
8.937212499999999693e+01
8.975487499999999841e+01
9.013762499999999989e+01
9.052037500000000136e+01
9.090312500000000284e+01
9.128587500000000432e+01
9.166862500000000580e+01
9.205137500000000728e+01
9.243412500000000875e+01
9.281687499999999602e+01
9.319962499999999750e+01
9.358237499999999898e+01
9.396512500000000045e+01
9.434787500000000193e+01
9.473062500000000341e+01
9.511337500000000489e+01
9.549612500000000637e+01
9.587887500000000784e+01
9.626162500000000932e+01
9.664437499999999659e+01
9.702712499999999807e+01
9.740987499999999955e+01
9.779262500000000102e+01
9.817537500000000250e+01
9.855812500000000398e+01
9.894087500000000546e+01
9.932362500000000693e+01
9.970637500000000841e+01
1.000891249999999957e+02
1.004718749999999972e+02
1.008546249999999986e+02
1.012373750000000001e+02
1.016201250000000016e+02
1.020028750000000031e+02
1.023856250000000045e+02
1.027683750000000060e+02
1.031511250000000075e+02
1.035338750000000090e+02
1.039166249999999962e+02
1.042993749999999977e+02
1.046821249999999992e+02
1.050648750000000007e+02
1.054476250000000022e+02
1.058303750000000036e+02
1.062131250000000051e+02
1.065958750000000066e+02
1.069786250000000081e+02
1.073613750000000095e+02
1.077441249999999968e+02
1.081268749999999983e+02
1.085096249999999998e+02
1.088923750000000013e+02
1.092751250000000027e+02
1.096578750000000042e+02
1.100406250000000057e+02
1.104233750000000072e+02
1.108061250000000086e+02
1.111888750000000101e+02
1.115716249999999974e+02
1.119543749999999989e+02
1.123371250000000003e+02
1.127198750000000018e+02
1.131026250000000033e+02
1.134853750000000048e+02
1.138681250000000063e+02
1.142508750000000077e+02
1.146336250000000092e+02
1.150163750000000107e+02
1.153991249999999980e+02
1.157818749999999994e+02
1.161646250000000009e+02
1.165473750000000024e+02
1.169301250000000039e+02
1.173128750000000053e+02
1.176956250000000068e+02
1.180783750000000083e+02
1.184611250000000098e+02
1.188438750000000113e+02
1.192266249999999985e+02
1.196093750000000000e+02
1.199921250000000015e+02
1.203748750000000030e+02
1.207576250000000044e+02
1.211403750000000059e+02
1.215231250000000074e+02
1.219058750000000089e+02
1.222886250000000103e+02
1.226713750000000118e+02
1.230541249999999991e+02
1.234368750000000006e+02
1.238196250000000020e+02
1.242023750000000035e+02
1.245851250000000050e+02
1.249678750000000065e+02
1.253506250000000080e+02
1.257333750000000094e+02
1.261161250000000109e+02
1.264988749999999982e+02
1.268816249999999997e+02
1.272643750000000011e+02
1.276471250000000026e+02
1.280298750000000041e+02
1.284126249999999914e+02
1.287953750000000070e+02
1.291781249999999943e+02
1.295608750000000100e+02
1.299436249999999973e+02
1.303263750000000130e+02
1.307091250000000002e+02
1.310918750000000159e+02
1.314746250000000032e+02
1.318573750000000189e+02
1.322401250000000061e+02
1.326228749999999934e+02
1.330056250000000091e+02
1.333883749999999964e+02
1.337711250000000121e+02
1.341538749999999993e+02
1.345366250000000150e+02
1.349193750000000023e+02
1.353021250000000180e+02
1.356848750000000052e+02
1.360676249999999925e+02
1.364503750000000082e+02
1.368331249999999955e+02
1.372158750000000111e+02
1.375986249999999984e+02
1.379813750000000141e+02
1.383641250000000014e+02
1.387468750000000171e+02
1.391296250000000043e+02
1.395123750000000200e+02
1.398951250000000073e+02
1.402778749999999945e+02
1.406606250000000102e+02
1.410433749999999975e+02
1.414261250000000132e+02
1.418088750000000005e+02
1.421916250000000161e+02
1.425743750000000034e+02
1.429571250000000191e+02
1.433398750000000064e+02
1.437226249999999936e+02
1.441053750000000093e+02
1.444881249999999966e+02
1.448708750000000123e+02
1.452536249999999995e+02
1.456363750000000152e+02
1.460191250000000025e+02
1.464018750000000182e+02
1.467846250000000055e+02
1.471673749999999927e+02
1.475501250000000084e+02
1.479328749999999957e+02
1.483156250000000114e+02
1.486983749999999986e+02
1.490811250000000143e+02
1.494638750000000016e+02
1.498466250000000173e+02
1.502293750000000045e+02
1.506121250000000202e+02
1.509948750000000075e+02
1.513776249999999948e+02
1.517603750000000105e+02
1.521431249999999977e+02
1.525258750000000134e+02
1.529086250000000007e+02
