3016.7895658016205
1.23680188257
1.01864540108
1.02646370983
1.02904885913
1.03038839759
1.03121154009
1.03175031997
1.03211177543
1.0323565579
1.03252271338
1.03263533635
1.03271140335
1.03276254495
1.03279677412
1.0328196192
1.03283488878
1.03284519694
1.03285232735
1.03285748695
1.03286148323
1.032864848
1.03286792394
1.03287092492
1.03287397789
1.03287715201
1.03288047862
1.03288396499
1.03288760365
1.03289137861
1.03289526955
1.03289925448
1.03290331141
1.03290741943
1.03291155921
1.03291571331
1.03291986624
1.03292400445
1.0329281162
1.03293219143
1.03293622159
1.03294019952
1.03294411923
1.03294797579
1.03295176523
1.03295548434
1.03295913065
1.03296270226
1.03296619782
1.03296961642
1.03297295753
1.03297622096
1.0329794068
1.03298251538
1.03298554726
1.03298850314
1.03299138388
1.03299419049
1.03299692406
1.03299958576
1.03300217685
1.03300469864
1.03300715248
1.03300953977
1.03301186192
1.03301412037
1.03301631656
1.03301845196
1.03302052802
1.03302254618
1.03302450789
1.03302641459
1.03302826768
1.03303006857
1.03303181864
1.03303351926
1.03303517176
1.03303677746
1.03303833764
1.03303985358
1.03304132652
1.03304275766
1.0330441482
1.03304549929
1.03304681206
1.03304808762
1.03304932704
1.03305053137
1.03305170163
1.03305283882
1.0330539439
1.03305501783
1.0330560615
1.03305707582
1.03305806165
