3.827499999999999791e-01
1.148249999999999993e+00
1.913750000000000062e+00
2.679250000000000131e+00
3.444750000000000423e+00
4.210250000000000270e+00
4.975749999999999673e+00
5.741249999999999964e+00
6.506750000000000256e+00
7.272250000000000547e+00
8.037750000000000838e+00
8.803250000000000242e+00
9.568749999999999645e+00
1.033425000000000082e+01
1.109975000000000023e+01
1.186525000000000141e+01
1.263075000000000081e+01
1.339625000000000021e+01
1.416175000000000139e+01
1.492725000000000080e+01
1.569275000000000198e+01
1.645825000000000315e+01
1.722375000000000256e+01
1.798925000000000196e+01
1.875475000000000136e+01
1.952025000000000432e+01
2.028575000000000372e+01
2.105125000000000313e+01
2.181675000000000253e+01
2.258225000000000193e+01
2.334775000000000489e+01
2.411325000000000429e+01
2.487875000000000369e+01
2.564425000000000310e+01
2.640975000000000250e+01
2.717525000000000546e+01
2.794075000000000486e+01
2.870625000000000426e+01
2.947175000000000367e+01
3.023725000000000307e+01
3.100275000000000603e+01
3.176825000000000543e+01
3.253375000000000483e+01
3.329925000000000779e+01
3.406475000000000364e+01
3.483025000000000659e+01
3.559575000000000244e+01
3.636125000000000540e+01
3.712675000000000125e+01
3.789225000000000421e+01
3.865775000000000716e+01
3.942325000000000301e+01
4.018875000000000597e+01
4.095425000000000182e+01
4.171975000000000477e+01
4.248525000000000773e+01
4.325075000000000358e+01
4.401625000000000654e+01
4.478175000000000239e+01
4.554725000000000534e+01
4.631275000000000830e+01
4.707825000000000415e+01
4.784375000000000711e+01
4.860925000000000296e+01
4.937475000000000591e+01
5.014025000000000887e+01
5.090575000000000472e+01
5.167125000000000767e+01
5.243675000000000352e+01
5.320225000000000648e+01
5.396775000000000944e+01
5.473325000000000529e+01
5.549875000000000824e+01
5.626425000000000409e+01
5.702975000000000705e+01
5.779525000000001000e+01
5.856075000000000585e+01
5.932625000000000881e+01
6.009175000000000466e+01
6.085725000000000762e+01
6.162275000000001057e+01
6.238825000000000642e+01
6.315375000000000938e+01
6.391925000000000523e+01
6.468475000000000819e+01
6.545025000000001114e+01
6.621575000000001410e+01
6.698125000000000284e+01
6.774675000000000580e+01
6.851225000000000875e+01
6.927775000000001171e+01
7.004325000000001467e+01
7.080875000000000341e+01
7.157425000000000637e+01
7.233975000000000932e+01
7.310525000000001228e+01
7.387075000000000102e+01
7.463625000000000398e+01
7.540175000000000693e+01
7.616725000000000989e+01
7.693275000000001285e+01
7.769825000000000159e+01
7.846375000000000455e+01
7.922925000000000750e+01
7.999475000000001046e+01
8.076025000000001342e+01
8.152575000000000216e+01
8.229125000000000512e+01
8.305675000000000807e+01
8.382225000000001103e+01
8.458775000000001398e+01
8.535325000000000273e+01
8.611875000000000568e+01
8.688425000000000864e+01
8.764975000000001160e+01
8.841525000000001455e+01
8.918075000000000330e+01
8.994625000000000625e+01
9.071175000000000921e+01
9.147725000000001216e+01
9.224275000000001512e+01
9.300825000000000387e+01
9.377375000000000682e+01
9.453925000000000978e+01
9.530475000000001273e+01
9.607025000000001569e+01
9.683575000000000443e+01
9.760125000000000739e+01
9.836675000000001035e+01
9.913225000000001330e+01
9.989775000000001626e+01
1.006632500000000050e+02
1.014287500000000080e+02
1.021942500000000109e+02
1.029597500000000139e+02
1.037252500000000168e+02
1.044907500000000056e+02
1.052562500000000085e+02
1.060217500000000115e+02
1.067872500000000144e+02
1.075527500000000174e+02
1.083182500000000061e+02
1.090837500000000091e+02
1.098492500000000121e+02
1.106147500000000150e+02
1.113802500000000180e+02
1.121457500000000067e+02
1.129112500000000097e+02
1.136767500000000126e+02
1.144422500000000156e+02
1.152077500000000185e+02
1.159732500000000073e+02
1.167387500000000102e+02
1.175042500000000132e+02
1.182697500000000161e+02
1.190352500000000191e+02
1.198007500000000078e+02
1.205662500000000108e+02
1.213317500000000138e+02
1.220972500000000167e+02
1.228627500000000197e+02
1.236282500000000084e+02
1.243937500000000114e+02
1.251592500000000143e+02
1.259247500000000173e+02
1.266902500000000060e+02
1.274557500000000090e+02
1.282212499999999977e+02
1.289867500000000007e+02
1.297522500000000036e+02
1.305177500000000066e+02
1.312832500000000095e+02
1.320487500000000125e+02
1.328142499999999870e+02
1.335797499999999900e+02
1.343452499999999930e+02
1.351107499999999959e+02
1.358762499999999989e+02
1.366417500000000018e+02
1.374072500000000048e+02
1.381727500000000077e+02
1.389382500000000107e+02
1.397037500000000136e+02
1.404692499999999882e+02
1.412347499999999911e+02
1.420002499999999941e+02
1.427657499999999970e+02
1.435312500000000000e+02
1.442967500000000030e+02
1.450622500000000059e+02
1.458277500000000089e+02
1.465932500000000118e+02
1.473587499999999864e+02
1.481242499999999893e+02
1.488897499999999923e+02
1.496552499999999952e+02
1.504207499999999982e+02
1.511862500000000011e+02
1.519517500000000041e+02
1.527172500000000070e+02
