237.36121320724487
1.38184751413
1.05122035009
1.06092592279
1.0658466521
1.06880736986
1.07075659143
1.07211307952
1.07309209088
1.07381719592
1.07436497838
1.07478548469
1.0751126661
1.07537019659
1.07557493964
1.07573912062
1.07587173974
1.07597951646
1.07606753409
1.07613968688
1.0761989943
1.07624782445
1.07628805476
1.0763211886
1.0763484409
1.07637080157
1.07638908307
1.0764039565
1.07641597916
1.07642561596
1.07643325624
1.07643922701
1.07644380357
1.07644721814
1.07644966682
1.07645131535
1.07645230383
