7.654999999999999583e-01
2.296499999999999986e+00
3.827499999999999680e+00
5.358500000000000263e+00
6.889499999999999957e+00
8.420499999999998764e+00
9.951499999999999346e+00
1.148249999999999815e+01
1.301349999999999874e+01
1.454449999999999932e+01
1.607549999999999812e+01
1.760649999999999693e+01
1.913749999999999929e+01
2.066849999999999810e+01
2.219949999999999690e+01
2.373049999999999926e+01
2.526149999999999807e+01
2.679249999999999687e+01
2.832349999999999923e+01
2.985449999999999804e+01
3.138549999999999685e+01
3.291649999999999920e+01
3.444749999999999801e+01
3.597850000000000392e+01
3.750950000000000273e+01
3.904050000000000153e+01
4.057150000000000034e+01
4.210249999999999915e+01
4.363349999999999795e+01
4.516450000000000387e+01
4.669550000000000267e+01
4.822650000000000148e+01
4.975750000000000028e+01
5.128849999999999909e+01
5.281949999999999790e+01
5.435049999999999670e+01
5.588150000000000261e+01
5.741250000000000142e+01
5.894350000000000023e+01
6.047449999999999903e+01
6.200549999999999784e+01
6.353649999999999665e+01
6.506749999999999545e+01
6.659850000000000136e+01
6.812949999999999307e+01
6.966049999999999898e+01
7.119150000000000489e+01
7.272249999999999659e+01
7.425350000000000250e+01
7.578449999999999420e+01
7.731550000000000011e+01
7.884649999999999181e+01
8.037749999999999773e+01
8.190850000000000364e+01
8.343949999999999534e+01
8.497050000000000125e+01
8.650149999999999295e+01
8.803249999999999886e+01
8.956350000000000477e+01
9.109449999999999648e+01
9.262550000000000239e+01
9.415649999999999409e+01
9.568750000000000000e+01
9.721849999999999170e+01
9.874949999999999761e+01
1.002805000000000035e+02
1.018114999999999952e+02
1.033425000000000011e+02
1.048734999999999928e+02
1.064044999999999987e+02
1.079354999999999905e+02
1.094664999999999964e+02
1.109975000000000023e+02
1.125284999999999940e+02
1.140594999999999999e+02
1.155904999999999916e+02
1.171214999999999975e+02
1.186525000000000034e+02
1.201834999999999951e+02
1.217145000000000010e+02
1.232454999999999927e+02
1.247764999999999986e+02
1.263074999999999903e+02
1.278384999999999962e+02
1.293694999999999879e+02
1.309004999999999939e+02
1.324314999999999998e+02
1.339625000000000057e+02
1.354934999999999832e+02
1.370244999999999891e+02
1.385554999999999950e+02
1.400865000000000009e+02
1.416175000000000068e+02
1.431484999999999843e+02
1.446794999999999902e+02
1.462104999999999961e+02
1.477415000000000020e+02
1.492725000000000080e+02
1.508034999999999854e+02
1.523344999999999914e+02
