11236.12633228302
1.07677918071
1.04949657517
1.04969188968
1.04978004085
1.04984392931
1.04989720373
1.04994249841
1.04998100294
1.05001372428
1.05004156667
1.05006531175
1.05008561836
1.05010303587
1.05011802097
1.0501309534
1.05014214944
1.05015187306
1.05016034508
1.05016775063
1.05017424526
1.05017995996
1.05018500525
1.05018947459
1.05019344716
1.05019699019
1.05020016086
1.05020300788
1.05020557286
1.0502078914
1.05020999399
1.05021190685
1.05021365251
1.0502152504
1.05021671733
1.05021806784
1.05021931453
1.05022046838
1.05022153896
1.05022253461
